 Entering Gaussian System, Link 0=g16
 Input=/home/gaussian/Documents/Summer_Internship/Acid_Base_adduct/Acid/AlCl3/MX4-/AlCl4_ion_opt.com
 Output=/home/gaussian/Documents/Summer_Internship/Acid_Base_adduct/Acid/AlCl3/MX4-/AlCl4_ion_opt.log
 Initial command:
 /usr/local/g16/l1.exe "/home/gaussian/tmp/Gau-31291.inp" -scrdir="/home/gaussian/tmp/"
 Entering Link 1 = /usr/local/g16/l1.exe PID=     31294.
  
 Copyright (c) 1988-2017, Gaussian, Inc.  All Rights Reserved.
  
 This is part of the Gaussian(R) 16 program.  It is based on
 the Gaussian(R) 09 system (copyright 2009, Gaussian, Inc.),
 the Gaussian(R) 03 system (copyright 2003, Gaussian, Inc.),
 the Gaussian(R) 98 system (copyright 1998, Gaussian, Inc.),
 the Gaussian(R) 94 system (copyright 1995, Gaussian, Inc.),
 the Gaussian 92(TM) system (copyright 1992, Gaussian, Inc.),
 the Gaussian 90(TM) system (copyright 1990, Gaussian, Inc.),
 the Gaussian 88(TM) system (copyright 1988, Gaussian, Inc.),
 the Gaussian 86(TM) system (copyright 1986, Carnegie Mellon
 University), and the Gaussian 82(TM) system (copyright 1983,
 Carnegie Mellon University). Gaussian is a federally registered
 trademark of Gaussian, Inc.
  
 This software contains proprietary and confidential information,
 including trade secrets, belonging to Gaussian, Inc.
  
 This software is provided under written license and may be
 used, copied, transmitted, or stored only in accord with that
 written license.
  
 The following legend is applicable only to US Government
 contracts under FAR:
  
                    RESTRICTED RIGHTS LEGEND
  
 Use, reproduction and disclosure by the US Government is
 subject to restrictions as set forth in subparagraphs (a)
 and (c) of the Commercial Computer Software - Restricted
 Rights clause in FAR 52.227-19.
  
 Gaussian, Inc.
 340 Quinnipiac St., Bldg. 40, Wallingford CT 06492
  
  
 ---------------------------------------------------------------
 Warning -- This program may not be used in any manner that
 competes with the business of Gaussian, Inc. or will provide
 assistance to any competitor of Gaussian, Inc.  The licensee
 of this program is prohibited from giving any competitor of
 Gaussian, Inc. access to this program.  By using this program,
 the user acknowledges that Gaussian, Inc. is engaged in the
 business of creating and licensing software in the field of
 computational chemistry and represents and warrants to the
 licensee that it is not a competitor of Gaussian, Inc. and that
 it will not use this program in any manner prohibited above.
 ---------------------------------------------------------------
  

 Cite this work as:
 Gaussian 16, Revision B.01,
 M. J. Frisch, G. W. Trucks, H. B. Schlegel, G. E. Scuseria, 
 M. A. Robb, J. R. Cheeseman, G. Scalmani, V. Barone, 
 G. A. Petersson, H. Nakatsuji, X. Li, M. Caricato, A. V. Marenich, 
 J. Bloino, B. G. Janesko, R. Gomperts, B. Mennucci, H. P. Hratchian, 
 J. V. Ortiz, A. F. Izmaylov, J. L. Sonnenberg, D. Williams-Young, 
 F. Ding, F. Lipparini, F. Egidi, J. Goings, B. Peng, A. Petrone, 
 T. Henderson, D. Ranasinghe, V. G. Zakrzewski, J. Gao, N. Rega, 
 G. Zheng, W. Liang, M. Hada, M. Ehara, K. Toyota, R. Fukuda, 
 J. Hasegawa, M. Ishida, T. Nakajima, Y. Honda, O. Kitao, H. Nakai, 
 T. Vreven, K. Throssell, J. A. Montgomery, Jr., J. E. Peralta, 
 F. Ogliaro, M. J. Bearpark, J. J. Heyd, E. N. Brothers, K. N. Kudin, 
 V. N. Staroverov, T. A. Keith, R. Kobayashi, J. Normand, 
 K. Raghavachari, A. P. Rendell, J. C. Burant, S. S. Iyengar, 
 J. Tomasi, M. Cossi, J. M. Millam, M. Klene, C. Adamo, R. Cammi, 
 J. W. Ochterski, R. L. Martin, K. Morokuma, O. Farkas, 
 J. B. Foresman, and D. J. Fox, Gaussian, Inc., Wallingford CT, 2016.
 
 ******************************************
 Gaussian 16:  EM64L-G16RevB.01 20-Dec-2017
                13-Jun-2025 
 ******************************************
 %chk=AlCl4_ion_opt.chk
 ----------------------------------------------
 # opt freq hf/3-21g pop=full geom=connectivity
 ----------------------------------------------
 1/18=20,19=15,38=1,57=2/1,3;
 2/9=110,12=2,17=6,18=5,40=1/2;
 3/5=5,11=9,25=1,30=1,71=1/1,2,3;
 4//1;
 5/5=2,38=5/2;
 6/7=3,28=1/1;
 7//1,2,3,16;
 1/18=20,19=15/3(2);
 2/9=110/2;
 99//99;
 2/9=110/2;
 3/5=5,11=9,25=1,30=1,71=1/1,2,3;
 4/5=5,16=3,69=1/1;
 5/5=2,38=5/2;
 7//1,2,3,16;
 1/18=20,19=15/3(-5);
 2/9=110/2;
 6/7=3,19=2,28=1/1;
 99/9=1/99;
 -------------------
 Title Card Required
 -------------------
 Symbolic Z-matrix:
 Charge = -1 Multiplicity = 1
 Al                    0.39795   0.07296   0. 
 Cl                    0.39795   0.07296   2.24 
 Cl                   -0.658    -1.75599  -0.74667 
 Cl                    2.50984   0.07296  -0.74667 
 Cl                   -0.658     1.90191  -0.74667 
 

 GradGradGradGradGradGradGradGradGradGradGradGradGradGradGradGradGradGrad
 Berny optimization.
 Initialization pass.
                           ----------------------------
                           !    Initial Parameters    !
                           ! (Angstroms and Degrees)  !
 --------------------------                            --------------------------
 ! Name  Definition              Value          Derivative Info.                !
 --------------------------------------------------------------------------------
 ! R1    R(1,2)                  2.24           estimate D2E/DX2                !
 ! R2    R(1,3)                  2.24           estimate D2E/DX2                !
 ! R3    R(1,4)                  2.24           estimate D2E/DX2                !
 ! R4    R(1,5)                  2.24           estimate D2E/DX2                !
 ! A1    A(2,1,3)              109.4712         estimate D2E/DX2                !
 ! A2    A(2,1,4)              109.4712         estimate D2E/DX2                !
 ! A3    A(2,1,5)              109.4712         estimate D2E/DX2                !
 ! A4    A(3,1,4)              109.4712         estimate D2E/DX2                !
 ! A5    A(3,1,5)              109.4712         estimate D2E/DX2                !
 ! A6    A(4,1,5)              109.4712         estimate D2E/DX2                !
 ! D1    D(2,1,4,3)            120.0            estimate D2E/DX2                !
 ! D2    D(2,1,5,3)           -120.0            estimate D2E/DX2                !
 ! D3    D(2,1,5,4)            120.0            estimate D2E/DX2                !
 ! D4    D(3,1,5,4)           -120.0            estimate D2E/DX2                !
 --------------------------------------------------------------------------------
 Trust Radius=3.00D-01 FncErr=1.00D-07 GrdErr=1.00D-07 EigMax=2.50D+02 EigMin=1.00D-04
 Number of steps in this run=     24 maximum allowed number of steps=    100.
 GradGradGradGradGradGradGradGradGradGradGradGradGradGradGradGradGradGrad

                          Input orientation:                          
 ---------------------------------------------------------------------
 Center     Atomic      Atomic             Coordinates (Angstroms)
 Number     Number       Type             X           Y           Z
 ---------------------------------------------------------------------
      1         13           0        0.397951    0.072961    0.000000
      2         17           0        0.397951    0.072961    2.240000
      3         17           0       -0.657995   -1.755991   -0.746667
      4         17           0        2.509843    0.072961   -0.746667
      5         17           0       -0.657995    1.901913   -0.746667
 ---------------------------------------------------------------------
                    Distance matrix (angstroms):
                    1          2          3          4          5
     1  Al   0.000000
     2  Cl   2.240000   0.000000
     3  Cl   2.240000   3.657905   0.000000
     4  Cl   2.240000   3.657905   3.657905   0.000000
     5  Cl   2.240000   3.657905   3.657905   3.657905   0.000000
 Stoichiometry    AlCl4(1-)
 Framework group  TD[O(Al),4C3(Cl)]
 Deg. of freedom     1
 Full point group                 TD      NOp  24
 Largest Abelian subgroup         D2      NOp   4
 Largest concise Abelian subgroup D2      NOp   4
                         Standard orientation:                         
 ---------------------------------------------------------------------
 Center     Atomic      Atomic             Coordinates (Angstroms)
 Number     Number       Type             X           Y           Z
 ---------------------------------------------------------------------
      1         13           0        0.000000    0.000000    0.000000
      2         17           0        1.293265    1.293265    1.293265
      3         17           0       -1.293265   -1.293265    1.293265
      4         17           0        1.293265   -1.293265   -1.293265
      5         17           0       -1.293265    1.293265   -1.293265
 ---------------------------------------------------------------------
 Rotational constants (GHZ):           1.0801176           1.0801176           1.0801176
 Standard basis: 3-21G (6D, 7F)
 There are    17 symmetry adapted cartesian basis functions of A   symmetry.
 There are    16 symmetry adapted cartesian basis functions of B1  symmetry.
 There are    16 symmetry adapted cartesian basis functions of B2  symmetry.
 There are    16 symmetry adapted cartesian basis functions of B3  symmetry.
 There are    17 symmetry adapted basis functions of A   symmetry.
 There are    16 symmetry adapted basis functions of B1  symmetry.
 There are    16 symmetry adapted basis functions of B2  symmetry.
 There are    16 symmetry adapted basis functions of B3  symmetry.
    65 basis functions,   135 primitive gaussians,    65 cartesian basis functions
    41 alpha electrons       41 beta electrons
       nuclear repulsion energy       459.6881641195 Hartrees.
 NAtoms=    5 NActive=    5 NUniq=    2 SFac= 4.00D+00 NAtFMM=   60 NAOKFM=F Big=F
 Integral buffers will be    131072 words long.
 Raffenetti 1 integral format.
 Two-electron integral symmetry is turned on.
 One-electron integrals computed using PRISM.
 NBasis=    65 RedAO= T EigKep=  2.42D-02  NBF=    17    16    16    16
 NBsUse=    65 1.00D-06 EigRej= -1.00D+00 NBFU=    17    16    16    16
 ExpMin= 6.39D-02 ExpMax= 1.38D+03 ExpMxC= 1.38D+03 IAcc=3 IRadAn=         5 AccDes= 0.00D+00
 Harris functional with IExCor=  205 and IRadAn=       5 diagonalized for initial guess.
 HarFok:  IExCor=  205 AccDes= 0.00D+00 IRadAn=         5 IDoV= 1 UseB2=F ITyADJ=14
 ICtDFT=  3500011 ScaDFX=  1.000000  1.000000  1.000000  1.000000
 FoFCou: FMM=F IPFlag=           0 FMFlag=      100000 FMFlg1=           0
         NFxFlg=           0 DoJE=T BraDBF=F KetDBF=T FulRan=T
         wScrn=  0.000000 ICntrl=       500 IOpCl=  0 I1Cent=   200000004 NGrid=           0
         NMat0=    1 NMatS0=      1 NMatT0=    0 NMatD0=    1 NMtDS0=    0 NMtDT0=    0
 Petite list used in FoFCou.
 Initial guess orbital symmetries:
       Occupied  (A1) (T2) (T2) (T2) (A1) (A1) (T2) (T2) (T2) (T2)
                 (T2) (T2) (A1) (T2) (T2) (T2) (T1) (T1) (T1) (E)
                 (E) (A1) (T2) (T2) (T2) (A1) (T2) (T2) (T2) (A1)
                 (T2) (T2) (T2) (E) (E) (T2) (T2) (T2) (T1) (T1)
                 (T1)
       Virtual   (A1) (T2) (T2) (T2) (A1) (T2) (T2) (T2) (T2) (T2)
                 (T2) (E) (E) (A1) (T1) (T1) (T1) (T2) (T2) (T2)
                 (T2) (T2) (T2) (A1)
 The electronic state of the initial guess is 1-A1.
 Keep R1 ints in memory in symmetry-blocked form, NReq=3122512.
 Requested convergence on RMS density matrix=1.00D-08 within 128 cycles.
 Requested convergence on MAX density matrix=1.00D-06.
 Requested convergence on             energy=1.00D-06.
 No special actions if energy rises.
 SCF Done:  E(RHF) =  -2070.20140923     A.U. after    9 cycles
            NFock=  9  Conv=0.21D-08     -V/T= 2.0011

 **********************************************************************

            Population analysis using the SCF Density.

 **********************************************************************

 Orbital symmetries:
       Occupied  (A1) (T2) (T2) (T2) (A1) (A1) (T2) (T2) (T2) (T2)
                 (T2) (T2) (A1) (T2) (T2) (T2) (T1) (T1) (T1) (E)
                 (E) (A1) (T2) (T2) (T2) (A1) (T2) (T2) (T2) (A1)
                 (T2) (T2) (T2) (E) (E) (T2) (T2) (T2) (T1) (T1)
                 (T1)
       Virtual   (A1) (T2) (T2) (T2) (A1) (T2) (T2) (T2) (T2) (T2)
                 (T2) (E) (E) (A1) (T1) (T1) (T1) (T2) (T2) (T2)
                 (T2) (T2) (T2) (A1)
 The electronic state is 1-A1.
 Alpha  occ. eigenvalues -- -103.94741-103.94701-103.94701-103.94701 -58.05231
 Alpha  occ. eigenvalues --  -10.33907 -10.33776 -10.33776 -10.33776  -7.80124
 Alpha  occ. eigenvalues --   -7.80124  -7.80124  -7.80110  -7.79852  -7.79852
 Alpha  occ. eigenvalues --   -7.79852  -7.79836  -7.79836  -7.79836  -7.79806
 Alpha  occ. eigenvalues --   -7.79806  -4.84585  -3.15101  -3.15101  -3.15101
 Alpha  occ. eigenvalues --   -0.94582  -0.92120  -0.92120  -0.92120  -0.45500
 Alpha  occ. eigenvalues --   -0.36922  -0.36922  -0.36922  -0.32561  -0.32561
 Alpha  occ. eigenvalues --   -0.31197  -0.31197  -0.31197  -0.30089  -0.30089
 Alpha  occ. eigenvalues --   -0.30089
 Alpha virt. eigenvalues --    0.25266   0.31421   0.31421   0.31421   0.42328
 Alpha virt. eigenvalues --    0.49940   0.49940   0.49940   0.89336   0.89336
 Alpha virt. eigenvalues --    0.89336   0.89655   0.89655   0.92893   1.02607
 Alpha virt. eigenvalues --    1.02607   1.02607   1.08941   1.08941   1.08941
 Alpha virt. eigenvalues --    1.15272   1.15272   1.15272   1.32746
     Molecular Orbital Coefficients:
                           1         2         3         4         5
                        (A1)--O   (T2)--O   (T2)--O   (T2)--O   (A1)--O
     Eigenvalues --  -103.94741-103.94701-103.94701-103.94701 -58.05231
   1 1   Al 1S         -0.00002   0.00000   0.00000   0.00000   0.98850
   2        2S          0.00054   0.00000   0.00000   0.00000   0.04453
   3        2PX         0.00000   0.00000  -0.00003   0.00000   0.00000
   4        2PY         0.00000  -0.00003   0.00000   0.00000   0.00000
   5        2PZ         0.00000   0.00000   0.00000  -0.00003   0.00000
   6        3S          0.00098   0.00000   0.00000   0.00000  -0.01115
   7        3PX         0.00000   0.00000  -0.00061   0.00000   0.00000
   8        3PY         0.00000  -0.00061   0.00000   0.00000   0.00000
   9        3PZ         0.00000   0.00000   0.00000  -0.00061   0.00000
  10        4S         -0.01210   0.00000   0.00000   0.00000  -0.00484
  11        4PX         0.00000   0.00000  -0.00392   0.00000   0.00000
  12        4PY         0.00000  -0.00392   0.00000   0.00000   0.00000
  13        4PZ         0.00000   0.00000   0.00000  -0.00392   0.00000
  14 2   Cl 1S          0.49293   0.49294   0.49294   0.49294  -0.00002
  15        2S          0.02666   0.02657   0.02657   0.02657   0.00013
  16        2PX        -0.00008  -0.00008  -0.00002  -0.00008  -0.00001
  17        2PY        -0.00008  -0.00002  -0.00008  -0.00008  -0.00001
  18        2PZ        -0.00008  -0.00008  -0.00008  -0.00002  -0.00001
  19        3S         -0.01103  -0.00968  -0.00968  -0.00968  -0.00231
  20        3PX         0.00037   0.00033   0.00002   0.00033   0.00022
  21        3PY         0.00037   0.00002   0.00033   0.00033   0.00022
  22        3PZ         0.00037   0.00033   0.00033   0.00002   0.00022
  23        4S          0.00945   0.00641   0.00641   0.00641   0.00477
  24        4PX        -0.00148  -0.00099   0.00006  -0.00099  -0.00173
  25        4PY        -0.00148   0.00006  -0.00099  -0.00099  -0.00173
  26        4PZ        -0.00148  -0.00099  -0.00099   0.00006  -0.00173
  27 3   Cl 1S          0.49293  -0.49294  -0.49294   0.49294  -0.00002
  28        2S          0.02666  -0.02657  -0.02657   0.02657   0.00013
  29        2PX         0.00008  -0.00008  -0.00002   0.00008   0.00001
  30        2PY         0.00008  -0.00002  -0.00008   0.00008   0.00001
  31        2PZ        -0.00008   0.00008   0.00008  -0.00002  -0.00001
  32        3S         -0.01103   0.00968   0.00968  -0.00968  -0.00231
  33        3PX        -0.00037   0.00033   0.00002  -0.00033  -0.00022
  34        3PY        -0.00037   0.00002   0.00033  -0.00033  -0.00022
  35        3PZ         0.00037  -0.00033  -0.00033   0.00002   0.00022
  36        4S          0.00945  -0.00641  -0.00641   0.00641   0.00477
  37        4PX         0.00148  -0.00099   0.00006   0.00099   0.00173
  38        4PY         0.00148   0.00006  -0.00099   0.00099   0.00173
  39        4PZ        -0.00148   0.00099   0.00099   0.00006  -0.00173
  40 4   Cl 1S          0.49293  -0.49294   0.49294  -0.49294  -0.00002
  41        2S          0.02666  -0.02657   0.02657  -0.02657   0.00013
  42        2PX        -0.00008   0.00008  -0.00002   0.00008  -0.00001
  43        2PY         0.00008  -0.00002   0.00008  -0.00008   0.00001
  44        2PZ         0.00008  -0.00008   0.00008  -0.00002   0.00001
  45        3S         -0.01103   0.00968  -0.00968   0.00968  -0.00231
  46        3PX         0.00037  -0.00033   0.00002  -0.00033   0.00022
  47        3PY        -0.00037   0.00002  -0.00033   0.00033  -0.00022
  48        3PZ        -0.00037   0.00033  -0.00033   0.00002  -0.00022
  49        4S          0.00945  -0.00641   0.00641  -0.00641   0.00477
  50        4PX        -0.00148   0.00099   0.00006   0.00099  -0.00173
  51        4PY         0.00148   0.00006   0.00099  -0.00099   0.00173
  52        4PZ         0.00148  -0.00099   0.00099   0.00006   0.00173
  53 5   Cl 1S          0.49293   0.49294  -0.49294  -0.49294  -0.00002
  54        2S          0.02666   0.02657  -0.02657  -0.02657   0.00013
  55        2PX         0.00008   0.00008  -0.00002  -0.00008   0.00001
  56        2PY        -0.00008  -0.00002   0.00008   0.00008  -0.00001
  57        2PZ         0.00008   0.00008  -0.00008  -0.00002   0.00001
  58        3S         -0.01103  -0.00968   0.00968   0.00968  -0.00231
  59        3PX        -0.00037  -0.00033   0.00002   0.00033  -0.00022
  60        3PY         0.00037   0.00002  -0.00033  -0.00033   0.00022
  61        3PZ        -0.00037  -0.00033   0.00033   0.00002  -0.00022
  62        4S          0.00945   0.00641  -0.00641  -0.00641   0.00477
  63        4PX         0.00148   0.00099   0.00006  -0.00099   0.00173
  64        4PY        -0.00148   0.00006   0.00099   0.00099  -0.00173
  65        4PZ         0.00148   0.00099  -0.00099   0.00006   0.00173
                           6         7         8         9        10
                        (A1)--O   (T2)--O   (T2)--O   (T2)--O   (T2)--O
     Eigenvalues --   -10.33907 -10.33776 -10.33776 -10.33776  -7.80124
   1 1   Al 1S          0.00018   0.00000   0.00000   0.00000   0.00000
   2        2S         -0.00296   0.00000   0.00000   0.00000   0.00000
   3        2PX         0.00000   0.00000   0.00012   0.00000   0.00000
   4        2PY         0.00000   0.00012   0.00000   0.00000  -0.00034
   5        2PZ         0.00000   0.00000   0.00000   0.00012   0.00000
   6        3S         -0.00569   0.00000   0.00000   0.00000   0.00000
   7        3PX         0.00000   0.00000   0.00356   0.00000   0.00000
   8        3PY         0.00000   0.00356   0.00000   0.00000  -0.00403
   9        3PZ         0.00000   0.00000   0.00000   0.00356   0.00000
  10        4S          0.06835   0.00000   0.00000   0.00000   0.00000
  11        4PX         0.00000   0.00000   0.02241   0.00000   0.00000
  12        4PY         0.00000   0.02241   0.00000   0.00000  -0.00392
  13        4PZ         0.00000   0.00000   0.00000   0.02241   0.00000
  14 2   Cl 1S         -0.15287  -0.15296  -0.15296  -0.15296  -0.00137
  15        2S          0.49092   0.49144   0.49144   0.49144   0.00478
  16        2PX        -0.00199  -0.00200  -0.00222  -0.00200   0.27637
  17        2PY        -0.00199  -0.00222  -0.00200  -0.00200   0.29006
  18        2PZ        -0.00199  -0.00200  -0.00200  -0.00222   0.27637
  19        3S          0.07912   0.07191   0.07191   0.07191  -0.00290
  20        3PX        -0.00245  -0.00225  -0.00056  -0.00225   0.02333
  21        3PY        -0.00245  -0.00056  -0.00225  -0.00225   0.02466
  22        3PZ        -0.00245  -0.00225  -0.00225  -0.00056   0.02333
  23        4S         -0.05415  -0.03747  -0.03747  -0.03747   0.00489
  24        4PX         0.00838   0.00571  -0.00014   0.00571  -0.00861
  25        4PY         0.00838  -0.00014   0.00571   0.00571  -0.00877
  26        4PZ         0.00838   0.00571   0.00571  -0.00014  -0.00861
  27 3   Cl 1S         -0.15287   0.15296   0.15296  -0.15296   0.00137
  28        2S          0.49092  -0.49144  -0.49144   0.49144  -0.00478
  29        2PX         0.00199  -0.00200  -0.00222   0.00200   0.27637
  30        2PY         0.00199  -0.00222  -0.00200   0.00200   0.29006
  31        2PZ        -0.00199   0.00200   0.00200  -0.00222  -0.27637
  32        3S          0.07912  -0.07191  -0.07191   0.07191   0.00290
  33        3PX         0.00245  -0.00225  -0.00056   0.00225   0.02333
  34        3PY         0.00245  -0.00056  -0.00225   0.00225   0.02466
  35        3PZ        -0.00245   0.00225   0.00225  -0.00056  -0.02333
  36        4S         -0.05415   0.03747   0.03747  -0.03747  -0.00489
  37        4PX        -0.00838   0.00571  -0.00014  -0.00571  -0.00861
  38        4PY        -0.00838  -0.00014   0.00571  -0.00571  -0.00877
  39        4PZ         0.00838  -0.00571  -0.00571  -0.00014   0.00861
  40 4   Cl 1S         -0.15287   0.15296  -0.15296   0.15296   0.00137
  41        2S          0.49092  -0.49144   0.49144  -0.49144  -0.00478
  42        2PX        -0.00199   0.00200  -0.00222   0.00200  -0.27637
  43        2PY         0.00199  -0.00222   0.00200  -0.00200   0.29006
  44        2PZ         0.00199  -0.00200   0.00200  -0.00222   0.27637
  45        3S          0.07912  -0.07191   0.07191  -0.07191   0.00290
  46        3PX        -0.00245   0.00225  -0.00056   0.00225  -0.02333
  47        3PY         0.00245  -0.00056   0.00225  -0.00225   0.02466
  48        3PZ         0.00245  -0.00225   0.00225  -0.00056   0.02333
  49        4S         -0.05415   0.03747  -0.03747   0.03747  -0.00489
  50        4PX         0.00838  -0.00571  -0.00014  -0.00571   0.00861
  51        4PY        -0.00838  -0.00014  -0.00571   0.00571  -0.00877
  52        4PZ        -0.00838   0.00571  -0.00571  -0.00014  -0.00861
  53 5   Cl 1S         -0.15287  -0.15296   0.15296   0.15296  -0.00137
  54        2S          0.49092   0.49144  -0.49144  -0.49144   0.00478
  55        2PX         0.00199   0.00200  -0.00222  -0.00200  -0.27637
  56        2PY        -0.00199  -0.00222   0.00200   0.00200   0.29006
  57        2PZ         0.00199   0.00200  -0.00200  -0.00222  -0.27637
  58        3S          0.07912   0.07191  -0.07191  -0.07191  -0.00290
  59        3PX         0.00245   0.00225  -0.00056  -0.00225  -0.02333
  60        3PY        -0.00245  -0.00056   0.00225   0.00225   0.02466
  61        3PZ         0.00245   0.00225  -0.00225  -0.00056  -0.02333
  62        4S         -0.05415  -0.03747   0.03747   0.03747   0.00489
  63        4PX        -0.00838  -0.00571  -0.00014   0.00571   0.00861
  64        4PY         0.00838  -0.00014  -0.00571  -0.00571  -0.00877
  65        4PZ        -0.00838  -0.00571   0.00571  -0.00014   0.00861
                          11        12        13        14        15
                        (T2)--O   (T2)--O   (A1)--O   (T2)--O   (T2)--O
     Eigenvalues --    -7.80124  -7.80124  -7.80110  -7.79852  -7.79852
   1 1   Al 1S          0.00000   0.00000   0.00003   0.00000   0.00000
   2        2S          0.00000   0.00000  -0.00044   0.00000   0.00000
   3        2PX         0.00000  -0.00034   0.00000   0.00000   0.00000
   4        2PY         0.00000   0.00000   0.00000   0.00004   0.00000
   5        2PZ        -0.00034   0.00000   0.00000   0.00000   0.00004
   6        3S          0.00000   0.00000  -0.00368   0.00000   0.00000
   7        3PX         0.00000  -0.00403   0.00000   0.00000   0.00000
   8        3PY         0.00000   0.00000   0.00000  -0.00041   0.00000
   9        3PZ        -0.00403   0.00000   0.00000   0.00000  -0.00041
  10        4S          0.00000   0.00000  -0.02334   0.00000   0.00000
  11        4PX         0.00000  -0.00392   0.00000   0.00000   0.00000
  12        4PY         0.00000   0.00000   0.00000   0.01764   0.00000
  13        4PZ        -0.00392   0.00000   0.00000   0.00000   0.01764
  14 2   Cl 1S         -0.00137  -0.00137  -0.00140   0.00008   0.00008
  15        2S          0.00478   0.00478   0.00490  -0.00033  -0.00033
  16        2PX         0.27637   0.29006   0.28105  -0.20523  -0.20523
  17        2PY         0.27637   0.27637   0.28105   0.39099  -0.20523
  18        2PZ         0.29006   0.27637   0.28105  -0.20523   0.39099
  19        3S         -0.00290  -0.00290  -0.00485   0.00243   0.00243
  20        3PX         0.02333   0.02466   0.02366  -0.01708  -0.01708
  21        3PY         0.02333   0.02333   0.02366   0.03268  -0.01708
  22        3PZ         0.02466   0.02333   0.02366  -0.01708   0.03268
  23        4S          0.00489   0.00489   0.01076  -0.00710  -0.00710
  24        4PX        -0.00861  -0.00877  -0.00972   0.00721   0.00721
  25        4PY        -0.00861  -0.00861  -0.00972  -0.01177   0.00721
  26        4PZ        -0.00877  -0.00861  -0.00972   0.00721  -0.01177
  27 3   Cl 1S         -0.00137   0.00137  -0.00140  -0.00008   0.00008
  28        2S          0.00478  -0.00478   0.00490   0.00033  -0.00033
  29        2PX        -0.27637   0.29006  -0.28105  -0.20523   0.20523
  30        2PY        -0.27637   0.27637  -0.28105   0.39099   0.20523
  31        2PZ         0.29006  -0.27637   0.28105   0.20523   0.39099
  32        3S         -0.00290   0.00290  -0.00485  -0.00243   0.00243
  33        3PX        -0.02333   0.02466  -0.02366  -0.01708   0.01708
  34        3PY        -0.02333   0.02333  -0.02366   0.03268   0.01708
  35        3PZ         0.02466  -0.02333   0.02366   0.01708   0.03268
  36        4S          0.00489  -0.00489   0.01076   0.00710  -0.00710
  37        4PX         0.00861  -0.00877   0.00972   0.00721  -0.00721
  38        4PY         0.00861  -0.00861   0.00972  -0.01177  -0.00721
  39        4PZ        -0.00877   0.00861  -0.00972  -0.00721  -0.01177
  40 4   Cl 1S          0.00137  -0.00137  -0.00140  -0.00008  -0.00008
  41        2S         -0.00478   0.00478   0.00490   0.00033   0.00033
  42        2PX        -0.27637   0.29006   0.28105   0.20523   0.20523
  43        2PY         0.27637  -0.27637  -0.28105   0.39099  -0.20523
  44        2PZ         0.29006  -0.27637  -0.28105  -0.20523   0.39099
  45        3S          0.00290  -0.00290  -0.00485  -0.00243  -0.00243
  46        3PX        -0.02333   0.02466   0.02366   0.01708   0.01708
  47        3PY         0.02333  -0.02333  -0.02366   0.03268  -0.01708
  48        3PZ         0.02466  -0.02333  -0.02366  -0.01708   0.03268
  49        4S         -0.00489   0.00489   0.01076   0.00710   0.00710
  50        4PX         0.00861  -0.00877  -0.00972  -0.00721  -0.00721
  51        4PY        -0.00861   0.00861   0.00972  -0.01177   0.00721
  52        4PZ        -0.00877   0.00861   0.00972   0.00721  -0.01177
  53 5   Cl 1S          0.00137   0.00137  -0.00140   0.00008  -0.00008
  54        2S         -0.00478  -0.00478   0.00490  -0.00033   0.00033
  55        2PX         0.27637   0.29006  -0.28105   0.20523  -0.20523
  56        2PY        -0.27637  -0.27637   0.28105   0.39099   0.20523
  57        2PZ         0.29006   0.27637  -0.28105   0.20523   0.39099
  58        3S          0.00290   0.00290  -0.00485   0.00243  -0.00243
  59        3PX         0.02333   0.02466  -0.02366   0.01708  -0.01708
  60        3PY        -0.02333  -0.02333   0.02366   0.03268   0.01708
  61        3PZ         0.02466   0.02333  -0.02366   0.01708   0.03268
  62        4S         -0.00489  -0.00489   0.01076  -0.00710   0.00710
  63        4PX        -0.00861  -0.00877   0.00972  -0.00721   0.00721
  64        4PY         0.00861   0.00861  -0.00972  -0.01177  -0.00721
  65        4PZ        -0.00877  -0.00861   0.00972  -0.00721  -0.01177
                          16        17        18        19        20
                        (T2)--O   (T1)--O   (T1)--O   (T1)--O   (E)--O
     Eigenvalues --    -7.79852  -7.79836  -7.79836  -7.79836  -7.79806
   1 1   Al 1S          0.00000   0.00000   0.00000   0.00000  -0.00000
   2        2S          0.00000   0.00000   0.00000   0.00000   0.00000
   3        2PX         0.00004   0.00000   0.00000   0.00000   0.00000
   4        2PY         0.00000   0.00000   0.00000   0.00000   0.00000
   5        2PZ         0.00000   0.00000   0.00000   0.00000   0.00000
   6        3S          0.00000   0.00000   0.00000   0.00000   0.00000
   7        3PX        -0.00041   0.00000   0.00000  -0.00000   0.00000
   8        3PY         0.00000   0.00000  -0.00000   0.00000   0.00000
   9        3PZ         0.00000  -0.00000   0.00000   0.00000   0.00000
  10        4S          0.00000   0.00000   0.00000   0.00000   0.00000
  11        4PX         0.01764   0.00000   0.00000   0.00000   0.00000
  12        4PY         0.00000   0.00000   0.00000   0.00000   0.00000
  13        4PZ         0.00000   0.00000   0.00000   0.00000   0.00000
  14 2   Cl 1S          0.00008   0.00000   0.00000   0.00000   0.00000
  15        2S         -0.00033  -0.00000  -0.00000  -0.00000  -0.00000
  16        2PX         0.39099   0.34441   0.34441   0.00000   0.38536
  17        2PY        -0.20523  -0.34441   0.00000   0.34441  -0.10700
  18        2PZ        -0.20523   0.00000  -0.34441  -0.34441  -0.27836
  19        3S          0.00243   0.00000   0.00000   0.00000   0.00000
  20        3PX         0.03268   0.02822   0.02822   0.00000   0.03078
  21        3PY        -0.01708  -0.02822   0.00000   0.02822  -0.00855
  22        3PZ        -0.01708   0.00000  -0.02822  -0.02822  -0.02224
  23        4S         -0.00710  -0.00000  -0.00000  -0.00000  -0.00000
  24        4PX        -0.01177  -0.00886  -0.00886  -0.00000  -0.00846
  25        4PY         0.00721   0.00886  -0.00000  -0.00886   0.00235
  26        4PZ         0.00721  -0.00000   0.00886   0.00886   0.00611
  27 3   Cl 1S         -0.00008   0.00000  -0.00000  -0.00000   0.00000
  28        2S          0.00033  -0.00000   0.00000   0.00000  -0.00000
  29        2PX         0.39099  -0.34441   0.34441   0.00000  -0.38536
  30        2PY        -0.20523   0.34441   0.00000   0.34441   0.10700
  31        2PZ         0.20523   0.00000   0.34441   0.34441  -0.27836
  32        3S         -0.00243   0.00000  -0.00000  -0.00000   0.00000
  33        3PX         0.03268  -0.02822   0.02822   0.00000  -0.03078
  34        3PY        -0.01708   0.02822   0.00000   0.02822   0.00855
  35        3PZ         0.01708   0.00000   0.02822   0.02822  -0.02224
  36        4S          0.00710  -0.00000   0.00000   0.00000  -0.00000
  37        4PX        -0.01177   0.00886  -0.00886  -0.00000   0.00846
  38        4PY         0.00721  -0.00886  -0.00000  -0.00886  -0.00235
  39        4PZ        -0.00721  -0.00000  -0.00886  -0.00886   0.00611
  40 4   Cl 1S          0.00008  -0.00000  -0.00000   0.00000   0.00000
  41        2S         -0.00033   0.00000   0.00000  -0.00000  -0.00000
  42        2PX         0.39099  -0.34441  -0.34441   0.00000   0.38536
  43        2PY         0.20523  -0.34441   0.00000  -0.34441   0.10700
  44        2PZ         0.20523   0.00000  -0.34441   0.34441   0.27836
  45        3S          0.00243  -0.00000  -0.00000   0.00000   0.00000
  46        3PX         0.03268  -0.02822  -0.02822   0.00000   0.03078
  47        3PY         0.01708  -0.02822   0.00000  -0.02822   0.00855
  48        3PZ         0.01708   0.00000  -0.02822   0.02822   0.02224
  49        4S         -0.00710   0.00000   0.00000  -0.00000  -0.00000
  50        4PX        -0.01177   0.00886   0.00886  -0.00000  -0.00846
  51        4PY        -0.00721   0.00886  -0.00000   0.00886  -0.00235
  52        4PZ        -0.00721  -0.00000   0.00886  -0.00886  -0.00611
  53 5   Cl 1S         -0.00008  -0.00000   0.00000  -0.00000   0.00000
  54        2S          0.00033   0.00000  -0.00000   0.00000  -0.00000
  55        2PX         0.39099   0.34441  -0.34441   0.00000  -0.38536
  56        2PY         0.20523   0.34441   0.00000  -0.34441  -0.10700
  57        2PZ        -0.20523   0.00000   0.34441  -0.34441   0.27836
  58        3S         -0.00243  -0.00000   0.00000  -0.00000   0.00000
  59        3PX         0.03268   0.02822  -0.02822   0.00000  -0.03078
  60        3PY         0.01708   0.02822   0.00000  -0.02822  -0.00855
  61        3PZ        -0.01708   0.00000   0.02822  -0.02822   0.02224
  62        4S          0.00710   0.00000  -0.00000   0.00000  -0.00000
  63        4PX        -0.01177  -0.00886   0.00886  -0.00000   0.00846
  64        4PY        -0.00721  -0.00886  -0.00000   0.00886   0.00235
  65        4PZ         0.00721  -0.00000  -0.00886   0.00886  -0.00611
                          21        22        23        24        25
                        (E)--O    (A1)--O   (T2)--O   (T2)--O   (T2)--O
     Eigenvalues --    -7.79806  -4.84585  -3.15101  -3.15101  -3.15101
   1 1   Al 1S         -0.00000  -0.28401   0.00000   0.00000   0.00000
   2        2S          0.00000   1.01005   0.00000   0.00000   0.00000
   3        2PX         0.00000   0.00000   0.00000   0.97819   0.00000
   4        2PY         0.00000   0.00000   0.97819   0.00000   0.00000
   5        2PZ         0.00000   0.00000   0.00000   0.00000   0.97819
   6        3S          0.00000   0.09349   0.00000   0.00000   0.00000
   7        3PX         0.00000   0.00000   0.00000   0.09138   0.00000
   8        3PY         0.00000   0.00000   0.09138   0.00000   0.00000
   9        3PZ         0.00000   0.00000   0.00000   0.00000   0.09138
  10        4S          0.00000  -0.01231   0.00000   0.00000   0.00000
  11        4PX         0.00000   0.00000   0.00000  -0.02563   0.00000
  12        4PY         0.00000   0.00000  -0.02563   0.00000   0.00000
  13        4PZ         0.00000   0.00000   0.00000   0.00000  -0.02563
  14 2   Cl 1S          0.00000   0.00005   0.00004   0.00004   0.00004
  15        2S         -0.00000  -0.00018  -0.00005  -0.00005  -0.00005
  16        2PX        -0.09893   0.00004   0.00006   0.00001   0.00006
  17        2PY         0.38320   0.00004   0.00001   0.00006   0.00006
  18        2PZ        -0.28426   0.00004   0.00006   0.00006   0.00001
  19        3S          0.00000   0.00507   0.00050   0.00050   0.00050
  20        3PX        -0.00790  -0.00058   0.00034   0.00054   0.00034
  21        3PY         0.03061  -0.00058   0.00054   0.00034   0.00034
  22        3PZ        -0.02271  -0.00058   0.00034   0.00034   0.00054
  23        4S         -0.00000  -0.01028  -0.00256  -0.00256  -0.00256
  24        4PX         0.00217   0.00607   0.00447   0.00325   0.00447
  25        4PY        -0.00841   0.00607   0.00325   0.00447   0.00447
  26        4PZ         0.00624   0.00607   0.00447   0.00447   0.00325
  27 3   Cl 1S          0.00000   0.00005  -0.00004  -0.00004   0.00004
  28        2S         -0.00000  -0.00018   0.00005   0.00005  -0.00005
  29        2PX         0.09893  -0.00004   0.00006   0.00001  -0.00006
  30        2PY        -0.38320  -0.00004   0.00001   0.00006  -0.00006
  31        2PZ        -0.28426   0.00004  -0.00006  -0.00006   0.00001
  32        3S          0.00000   0.00507  -0.00050  -0.00050   0.00050
  33        3PX         0.00790   0.00058   0.00034   0.00054  -0.00034
  34        3PY        -0.03061   0.00058   0.00054   0.00034  -0.00034
  35        3PZ        -0.02271  -0.00058  -0.00034  -0.00034   0.00054
  36        4S         -0.00000  -0.01028   0.00256   0.00256  -0.00256
  37        4PX        -0.00217  -0.00607   0.00447   0.00325  -0.00447
  38        4PY         0.00841  -0.00607   0.00325   0.00447  -0.00447
  39        4PZ         0.00624   0.00607  -0.00447  -0.00447   0.00325
  40 4   Cl 1S          0.00000   0.00005  -0.00004   0.00004  -0.00004
  41        2S         -0.00000  -0.00018   0.00005  -0.00005   0.00005
  42        2PX        -0.09893   0.00004  -0.00006   0.00001  -0.00006
  43        2PY        -0.38320  -0.00004   0.00001  -0.00006   0.00006
  44        2PZ         0.28426  -0.00004   0.00006  -0.00006   0.00001
  45        3S          0.00000   0.00507  -0.00050   0.00050  -0.00050
  46        3PX        -0.00790  -0.00058  -0.00034   0.00054  -0.00034
  47        3PY        -0.03061   0.00058   0.00054  -0.00034   0.00034
  48        3PZ         0.02271   0.00058   0.00034  -0.00034   0.00054
  49        4S         -0.00000  -0.01028   0.00256  -0.00256   0.00256
  50        4PX         0.00217   0.00607  -0.00447   0.00325  -0.00447
  51        4PY         0.00841  -0.00607   0.00325  -0.00447   0.00447
  52        4PZ        -0.00624  -0.00607   0.00447  -0.00447   0.00325
  53 5   Cl 1S          0.00000   0.00005   0.00004  -0.00004  -0.00004
  54        2S         -0.00000  -0.00018  -0.00005   0.00005   0.00005
  55        2PX         0.09893  -0.00004  -0.00006   0.00001   0.00006
  56        2PY         0.38320   0.00004   0.00001  -0.00006  -0.00006
  57        2PZ         0.28426  -0.00004  -0.00006   0.00006   0.00001
  58        3S          0.00000   0.00507   0.00050  -0.00050  -0.00050
  59        3PX         0.00790   0.00058  -0.00034   0.00054   0.00034
  60        3PY         0.03061  -0.00058   0.00054  -0.00034  -0.00034
  61        3PZ         0.02271   0.00058  -0.00034   0.00034   0.00054
  62        4S         -0.00000  -0.01028  -0.00256   0.00256   0.00256
  63        4PX        -0.00217  -0.00607  -0.00447   0.00325   0.00447
  64        4PY        -0.00841   0.00607   0.00325  -0.00447  -0.00447
  65        4PZ        -0.00624  -0.00607  -0.00447   0.00447   0.00325
                          26        27        28        29        30
                        (A1)--O   (T2)--O   (T2)--O   (T2)--O   (A1)--O
     Eigenvalues --    -0.94582  -0.92120  -0.92120  -0.92120  -0.45500
   1 1   Al 1S          0.01781   0.00000   0.00000   0.00000   0.04090
   2        2S         -0.08219   0.00000   0.00000   0.00000  -0.19455
   3        2PX         0.00000   0.00000  -0.04324   0.00000   0.00000
   4        2PY         0.00000  -0.04324   0.00000   0.00000   0.00000
   5        2PZ         0.00000   0.00000   0.00000  -0.04324   0.00000
   6        3S          0.13171   0.00000   0.00000   0.00000   0.36269
   7        3PX         0.00000   0.00000   0.05939   0.00000   0.00000
   8        3PY         0.00000   0.05939   0.00000   0.00000   0.00000
   9        3PZ         0.00000   0.00000   0.00000   0.05939   0.00000
  10        4S         -0.06318   0.00000   0.00000   0.00000   0.02810
  11        4PX         0.00000   0.00000  -0.04036   0.00000   0.00000
  12        4PY         0.00000  -0.04036   0.00000   0.00000   0.00000
  13        4PZ         0.00000   0.00000   0.00000  -0.04036   0.00000
  14 2   Cl 1S          0.03791   0.03960   0.03960   0.03960  -0.01226
  15        2S         -0.22286  -0.23299  -0.23299  -0.23299   0.07366
  16        2PX         0.01020   0.00785   0.00631   0.00785   0.06188
  17        2PY         0.01020   0.00631   0.00785   0.00785   0.06188
  18        2PZ         0.01020   0.00785   0.00785   0.00631   0.06188
  19        3S          0.26626   0.28144   0.28144   0.28144  -0.10471
  20        3PX        -0.02012  -0.01498  -0.01249  -0.01498  -0.13053
  21        3PY        -0.02012  -0.01249  -0.01498  -0.01498  -0.13053
  22        3PZ        -0.02012  -0.01498  -0.01498  -0.01249  -0.13053
  23        4S          0.27303   0.28021   0.28021   0.28021  -0.08495
