 Entering Gaussian System, Link 0=g16
 Input=/home/gaussian/Documents/Summer_Internship/Acid_Base_adduct/Acid/AlCl3/MX4-/AlCl4_ion_sp.com
 Output=/home/gaussian/Documents/Summer_Internship/Acid_Base_adduct/Acid/AlCl3/MX4-/AlCl4_ion_sp.log
 Initial command:
 /usr/local/g16/l1.exe "/home/gaussian/tmp/Gau-31302.inp" -scrdir="/home/gaussian/tmp/"
 Entering Link 1 = /usr/local/g16/l1.exe PID=     31305.
  
 Copyright (c) 1988-2017, Gaussian, Inc.  All Rights Reserved.
  
 This is part of the Gaussian(R) 16 program.  It is based on
 the Gaussian(R) 09 system (copyright 2009, Gaussian, Inc.),
 the Gaussian(R) 03 system (copyright 2003, Gaussian, Inc.),
 the Gaussian(R) 98 system (copyright 1998, Gaussian, Inc.),
 the Gaussian(R) 94 system (copyright 1995, Gaussian, Inc.),
 the Gaussian 92(TM) system (copyright 1992, Gaussian, Inc.),
 the Gaussian 90(TM) system (copyright 1990, Gaussian, Inc.),
 the Gaussian 88(TM) system (copyright 1988, Gaussian, Inc.),
 the Gaussian 86(TM) system (copyright 1986, Carnegie Mellon
 University), and the Gaussian 82(TM) system (copyright 1983,
 Carnegie Mellon University). Gaussian is a federally registered
 trademark of Gaussian, Inc.
  
 This software contains proprietary and confidential information,
 including trade secrets, belonging to Gaussian, Inc.
  
 This software is provided under written license and may be
 used, copied, transmitted, or stored only in accord with that
 written license.
  
 The following legend is applicable only to US Government
 contracts under FAR:
  
                    RESTRICTED RIGHTS LEGEND
  
 Use, reproduction and disclosure by the US Government is
 subject to restrictions as set forth in subparagraphs (a)
 and (c) of the Commercial Computer Software - Restricted
 Rights clause in FAR 52.227-19.
  
 Gaussian, Inc.
 340 Quinnipiac St., Bldg. 40, Wallingford CT 06492
  
  
 ---------------------------------------------------------------
 Warning -- This program may not be used in any manner that
 competes with the business of Gaussian, Inc. or will provide
 assistance to any competitor of Gaussian, Inc.  The licensee
 of this program is prohibited from giving any competitor of
 Gaussian, Inc. access to this program.  By using this program,
 the user acknowledges that Gaussian, Inc. is engaged in the
 business of creating and licensing software in the field of
 computational chemistry and represents and warrants to the
 licensee that it is not a competitor of Gaussian, Inc. and that
 it will not use this program in any manner prohibited above.
 ---------------------------------------------------------------
  

 Cite this work as:
 Gaussian 16, Revision B.01,
 M. J. Frisch, G. W. Trucks, H. B. Schlegel, G. E. Scuseria, 
 M. A. Robb, J. R. Cheeseman, G. Scalmani, V. Barone, 
 G. A. Petersson, H. Nakatsuji, X. Li, M. Caricato, A. V. Marenich, 
 J. Bloino, B. G. Janesko, R. Gomperts, B. Mennucci, H. P. Hratchian, 
 J. V. Ortiz, A. F. Izmaylov, J. L. Sonnenberg, D. Williams-Young, 
 F. Ding, F. Lipparini, F. Egidi, J. Goings, B. Peng, A. Petrone, 
 T. Henderson, D. Ranasinghe, V. G. Zakrzewski, J. Gao, N. Rega, 
 G. Zheng, W. Liang, M. Hada, M. Ehara, K. Toyota, R. Fukuda, 
 J. Hasegawa, M. Ishida, T. Nakajima, Y. Honda, O. Kitao, H. Nakai, 
 T. Vreven, K. Throssell, J. A. Montgomery, Jr., J. E. Peralta, 
 F. Ogliaro, M. J. Bearpark, J. J. Heyd, E. N. Brothers, K. N. Kudin, 
 V. N. Staroverov, T. A. Keith, R. Kobayashi, J. Normand, 
 K. Raghavachari, A. P. Rendell, J. C. Burant, S. S. Iyengar, 
 J. Tomasi, M. Cossi, J. M. Millam, M. Klene, C. Adamo, R. Cammi, 
 J. W. Ochterski, R. L. Martin, K. Morokuma, O. Farkas, 
 J. B. Foresman, and D. J. Fox, Gaussian, Inc., Wallingford CT, 2016.
 
 ******************************************
 Gaussian 16:  EM64L-G16RevB.01 20-Dec-2017
                13-Jun-2025 
 ******************************************
 %chk=AlCl4_ion_sp.chk
 -------------------------------------
 # hf/3-21g pop=full geom=connectivity
 -------------------------------------
 1/38=1,57=2,172=1/1;
 2/12=2,17=6,18=5,40=1/2;
 3/5=5,11=9,25=1,30=1/1,2,3;
 4//1;
 5/5=2,38=5/2;
 6/7=3,28=1/1;
 99/5=1,9=1/99;
 -------------------
 Title Card Required
 -------------------
 Symbolic Z-matrix:
 Charge = -1 Multiplicity = 1
 Al                    0.        0.        0. 
 Cl                    1.29085   1.29085   1.29085 
 Cl                   -1.29085  -1.29085   1.29085 
 Cl                    1.29085  -1.29085  -1.29085 
 Cl                   -1.29085   1.29085  -1.29085 
 
                          Input orientation:                          
 ---------------------------------------------------------------------
 Center     Atomic      Atomic             Coordinates (Angstroms)
 Number     Number       Type             X           Y           Z
 ---------------------------------------------------------------------
      1         13           0        0.000000    0.000000    0.000000
      2         17           0        1.290854    1.290854    1.290854
      3         17           0       -1.290854   -1.290854    1.290854
      4         17           0        1.290854   -1.290854   -1.290854
      5         17           0       -1.290854    1.290854   -1.290854
 ---------------------------------------------------------------------
                    Distance matrix (angstroms):
                    1          2          3          4          5
     1  Al   0.000000
     2  Cl   2.235825   0.000000
     3  Cl   2.235825   3.651086   0.000000
     4  Cl   2.235825   3.651086   3.651086   0.000000
     5  Cl   2.235825   3.651086   3.651086   3.651086   0.000000
 Stoichiometry    AlCl4(1-)
 Framework group  TD[O(Al),4C3(Cl)]
 Deg. of freedom     1
 Full point group                 TD      NOp  24
 Largest Abelian subgroup         D2      NOp   4
 Largest concise Abelian subgroup D2      NOp   4
                         Standard orientation:                         
 ---------------------------------------------------------------------
 Center     Atomic      Atomic             Coordinates (Angstroms)
 Number     Number       Type             X           Y           Z
 ---------------------------------------------------------------------
      1         13           0        0.000000    0.000000    0.000000
      2         17           0        1.290854    1.290854    1.290854
      3         17           0       -1.290854   -1.290854    1.290854
      4         17           0        1.290854   -1.290854   -1.290854
      5         17           0       -1.290854    1.290854   -1.290854
 ---------------------------------------------------------------------
 Rotational constants (GHZ):           1.0841555           1.0841555           1.0841555
 Standard basis: 3-21G (6D, 7F)
 There are    17 symmetry adapted cartesian basis functions of A   symmetry.
 There are    16 symmetry adapted cartesian basis functions of B1  symmetry.
 There are    16 symmetry adapted cartesian basis functions of B2  symmetry.
 There are    16 symmetry adapted cartesian basis functions of B3  symmetry.
 There are    17 symmetry adapted basis functions of A   symmetry.
 There are    16 symmetry adapted basis functions of B1  symmetry.
 There are    16 symmetry adapted basis functions of B2  symmetry.
 There are    16 symmetry adapted basis functions of B3  symmetry.
    65 basis functions,   135 primitive gaussians,    65 cartesian basis functions
    41 alpha electrons       41 beta electrons
       nuclear repulsion energy       460.5466083877 Hartrees.
 NAtoms=    5 NActive=    5 NUniq=    2 SFac= 4.00D+00 NAtFMM=   60 NAOKFM=F Big=F
 Integral buffers will be    131072 words long.
 Raffenetti 1 integral format.
 Two-electron integral symmetry is turned on.
 One-electron integrals computed using PRISM.
 NBasis=    65 RedAO= T EigKep=  2.40D-02  NBF=    17    16    16    16
 NBsUse=    65 1.00D-06 EigRej= -1.00D+00 NBFU=    17    16    16    16
 ExpMin= 6.39D-02 ExpMax= 1.38D+03 ExpMxC= 1.38D+03 IAcc=3 IRadAn=         5 AccDes= 0.00D+00
 Harris functional with IExCor=  205 and IRadAn=       5 diagonalized for initial guess.
 HarFok:  IExCor=  205 AccDes= 0.00D+00 IRadAn=         5 IDoV= 1 UseB2=F ITyADJ=14
 ICtDFT=  3500011 ScaDFX=  1.000000  1.000000  1.000000  1.000000
 FoFCou: FMM=F IPFlag=           0 FMFlag=      100000 FMFlg1=           0
         NFxFlg=           0 DoJE=T BraDBF=F KetDBF=T FulRan=T
         wScrn=  0.000000 ICntrl=       500 IOpCl=  0 I1Cent=   200000004 NGrid=           0
         NMat0=    1 NMatS0=      1 NMatT0=    0 NMatD0=    1 NMtDS0=    0 NMtDT0=    0
 Petite list used in FoFCou.
 Initial guess orbital symmetries:
       Occupied  (A1) (T2) (T2) (T2) (A1) (A1) (T2) (T2) (T2) (T2)
                 (T2) (T2) (A1) (T2) (T2) (T2) (T1) (T1) (T1) (E)
                 (E) (A1) (T2) (T2) (T2) (A1) (T2) (T2) (T2) (A1)
                 (T2) (T2) (T2) (E) (E) (T2) (T2) (T2) (T1) (T1)
                 (T1)
       Virtual   (A1) (T2) (T2) (T2) (A1) (T2) (T2) (T2) (T2) (T2)
                 (T2) (E) (E) (A1) (T1) (T1) (T1) (T2) (T2) (T2)
                 (T2) (T2) (T2) (A1)
 The electronic state of the initial guess is 1-A1.
 Keep R1 ints in memory in symmetry-blocked form, NReq=3122512.
 Requested convergence on RMS density matrix=1.00D-08 within 128 cycles.
 Requested convergence on MAX density matrix=1.00D-06.
 Requested convergence on             energy=1.00D-06.
 No special actions if energy rises.
 SCF Done:  E(RHF) =  -2070.20143326     A.U. after    9 cycles
            NFock=  9  Conv=0.21D-08     -V/T= 2.0011

 **********************************************************************

            Population analysis using the SCF Density.

 **********************************************************************

 Orbital symmetries:
       Occupied  (A1) (T2) (T2) (T2) (A1) (A1) (T2) (T2) (T2) (T2)
                 (T2) (T2) (A1) (T2) (T2) (T2) (T1) (T1) (T1) (E)
                 (E) (A1) (T2) (T2) (T2) (A1) (T2) (T2) (T2) (A1)
                 (T2) (T2) (T2) (E) (E) (T2) (T2) (T2) (T1) (T1)
                 (T1)
       Virtual   (A1) (T2) (T2) (T2) (A1) (T2) (T2) (T2) (T2) (T2)
                 (T2) (E) (E) (A1) (T1) (T1) (T1) (T2) (T2) (T2)
                 (T2) (T2) (T2) (A1)
 The electronic state is 1-A1.
 Alpha  occ. eigenvalues -- -103.94716-103.94676-103.94676-103.94676 -58.05133
 Alpha  occ. eigenvalues --  -10.33891 -10.33760 -10.33760 -10.33760  -7.80109
 Alpha  occ. eigenvalues --   -7.80109  -7.80109  -7.80094  -7.79835  -7.79835
 Alpha  occ. eigenvalues --   -7.79835  -7.79819  -7.79819  -7.79819  -7.79789
 Alpha  occ. eigenvalues --   -7.79789  -4.84511  -3.15026  -3.15026  -3.15026
 Alpha  occ. eigenvalues --   -0.94630  -0.92137  -0.92137  -0.92137  -0.45534
 Alpha  occ. eigenvalues --   -0.36959  -0.36959  -0.36959  -0.32573  -0.32573
 Alpha  occ. eigenvalues --   -0.31197  -0.31197  -0.31197  -0.30074  -0.30074
 Alpha  occ. eigenvalues --   -0.30074
 Alpha virt. eigenvalues --    0.25452   0.31512   0.31512   0.31512   0.42350
 Alpha virt. eigenvalues --    0.49999   0.49999   0.49999   0.89375   0.89375
 Alpha virt. eigenvalues --    0.89375   0.89662   0.89662   0.92880   1.02673
 Alpha virt. eigenvalues --    1.02673   1.02673   1.09037   1.09037   1.09037
 Alpha virt. eigenvalues --    1.15286   1.15286   1.15286   1.32691
     Molecular Orbital Coefficients:
                           1         2         3         4         5
                        (A1)--O   (T2)--O   (T2)--O   (T2)--O   (A1)--O
     Eigenvalues --  -103.94716-103.94676-103.94676-103.94676 -58.05133
   1 1   Al 1S         -0.00002   0.00000   0.00000   0.00000   0.98850
   2        2S          0.00054   0.00000   0.00000   0.00000   0.04453
   3        2PX         0.00000  -0.00003   0.00000   0.00000   0.00000
   4        2PY         0.00000   0.00000  -0.00003   0.00000   0.00000
   5        2PZ         0.00000   0.00000   0.00000  -0.00003   0.00000
   6        3S          0.00096   0.00000   0.00000   0.00000  -0.01119
   7        3PX         0.00000  -0.00062   0.00000   0.00000   0.00000
   8        3PY         0.00000   0.00000  -0.00062   0.00000   0.00000
   9        3PZ         0.00000   0.00000   0.00000  -0.00062   0.00000
  10        4S         -0.01215   0.00000   0.00000   0.00000  -0.00489
  11        4PX         0.00000  -0.00394   0.00000   0.00000   0.00000
  12        4PY         0.00000   0.00000  -0.00394   0.00000   0.00000
  13        4PZ         0.00000   0.00000   0.00000  -0.00394   0.00000
  14 2   Cl 1S          0.49293   0.49294   0.49294   0.49294  -0.00002
  15        2S          0.02666   0.02657   0.02657   0.02657   0.00012
  16        2PX        -0.00008  -0.00002  -0.00008  -0.00008  -0.00001
  17        2PY        -0.00008  -0.00008  -0.00002  -0.00008  -0.00001
  18        2PZ        -0.00008  -0.00008  -0.00008  -0.00002  -0.00001
  19        3S         -0.01104  -0.00969  -0.00969  -0.00969  -0.00232
  20        3PX         0.00037   0.00002   0.00033   0.00033   0.00021
  21        3PY         0.00037   0.00033   0.00002   0.00033   0.00021
  22        3PZ         0.00037   0.00033   0.00033   0.00002   0.00021
  23        4S          0.00949   0.00643   0.00643   0.00643   0.00480
  24        4PX        -0.00148   0.00005  -0.00099  -0.00099  -0.00173
  25        4PY        -0.00148  -0.00099   0.00005  -0.00099  -0.00173
  26        4PZ        -0.00148  -0.00099  -0.00099   0.00005  -0.00173
  27 3   Cl 1S          0.49293  -0.49294  -0.49294   0.49294  -0.00002
  28        2S          0.02666  -0.02657  -0.02657   0.02657   0.00012
  29        2PX         0.00008  -0.00002  -0.00008   0.00008   0.00001
  30        2PY         0.00008  -0.00008  -0.00002   0.00008   0.00001
  31        2PZ        -0.00008   0.00008   0.00008  -0.00002  -0.00001
  32        3S         -0.01104   0.00969   0.00969  -0.00969  -0.00232
  33        3PX        -0.00037   0.00002   0.00033  -0.00033  -0.00021
  34        3PY        -0.00037   0.00033   0.00002  -0.00033  -0.00021
  35        3PZ         0.00037  -0.00033  -0.00033   0.00002   0.00021
  36        4S          0.00949  -0.00643  -0.00643   0.00643   0.00480
  37        4PX         0.00148   0.00005  -0.00099   0.00099   0.00173
  38        4PY         0.00148  -0.00099   0.00005   0.00099   0.00173
  39        4PZ        -0.00148   0.00099   0.00099   0.00005  -0.00173
  40 4   Cl 1S          0.49293   0.49294  -0.49294  -0.49294  -0.00002
  41        2S          0.02666   0.02657  -0.02657  -0.02657   0.00012
  42        2PX        -0.00008  -0.00002   0.00008   0.00008  -0.00001
  43        2PY         0.00008   0.00008  -0.00002  -0.00008   0.00001
  44        2PZ         0.00008   0.00008  -0.00008  -0.00002   0.00001
  45        3S         -0.01104  -0.00969   0.00969   0.00969  -0.00232
  46        3PX         0.00037   0.00002  -0.00033  -0.00033   0.00021
  47        3PY        -0.00037  -0.00033   0.00002   0.00033  -0.00021
  48        3PZ        -0.00037  -0.00033   0.00033   0.00002  -0.00021
  49        4S          0.00949   0.00643  -0.00643  -0.00643   0.00480
  50        4PX        -0.00148   0.00005   0.00099   0.00099  -0.00173
  51        4PY         0.00148   0.00099   0.00005  -0.00099   0.00173
  52        4PZ         0.00148   0.00099  -0.00099   0.00005   0.00173
  53 5   Cl 1S          0.49293  -0.49294   0.49294  -0.49294  -0.00002
  54        2S          0.02666  -0.02657   0.02657  -0.02657   0.00012
  55        2PX         0.00008  -0.00002   0.00008  -0.00008   0.00001
  56        2PY        -0.00008   0.00008  -0.00002   0.00008  -0.00001
  57        2PZ         0.00008  -0.00008   0.00008  -0.00002   0.00001
  58        3S         -0.01104   0.00969  -0.00969   0.00969  -0.00232
  59        3PX        -0.00037   0.00002  -0.00033   0.00033  -0.00021
  60        3PY         0.00037  -0.00033   0.00002  -0.00033   0.00021
  61        3PZ        -0.00037   0.00033  -0.00033   0.00002  -0.00021
  62        4S          0.00949  -0.00643   0.00643  -0.00643   0.00480
  63        4PX         0.00148   0.00005   0.00099  -0.00099   0.00173
  64        4PY        -0.00148   0.00099   0.00005   0.00099  -0.00173
  65        4PZ         0.00148  -0.00099   0.00099   0.00005   0.00173
                           6         7         8         9        10
                        (A1)--O   (T2)--O   (T2)--O   (T2)--O   (T2)--O
     Eigenvalues --   -10.33891 -10.33760 -10.33760 -10.33760  -7.80109
   1 1   Al 1S          0.00018   0.00000   0.00000   0.00000   0.00000
   2        2S         -0.00294   0.00000   0.00000   0.00000   0.00000
   3        2PX         0.00000   0.00000   0.00013   0.00000  -0.00035
   4        2PY         0.00000   0.00013   0.00000   0.00000   0.00000
   5        2PZ         0.00000   0.00000   0.00000   0.00013   0.00000
   6        3S         -0.00555   0.00000   0.00000   0.00000   0.00000
   7        3PX         0.00000   0.00000   0.00360   0.00000  -0.00402
   8        3PY         0.00000   0.00360   0.00000   0.00000   0.00000
   9        3PZ         0.00000   0.00000   0.00000   0.00360   0.00000
  10        4S          0.06868   0.00000   0.00000   0.00000   0.00000
  11        4PX         0.00000   0.00000   0.02250   0.00000  -0.00389
  12        4PY         0.00000   0.02250   0.00000   0.00000   0.00000
  13        4PZ         0.00000   0.00000   0.00000   0.02250   0.00000
  14 2   Cl 1S         -0.15287  -0.15296  -0.15296  -0.15296  -0.00138
  15        2S          0.49092   0.49143   0.49143   0.49143   0.00479
  16        2PX        -0.00199  -0.00201  -0.00222  -0.00201   0.29027
  17        2PY        -0.00199  -0.00222  -0.00201  -0.00201   0.27626
  18        2PZ        -0.00199  -0.00201  -0.00201  -0.00222   0.27626
  19        3S          0.07918   0.07195   0.07195   0.07195  -0.00291
  20        3PX        -0.00245  -0.00225  -0.00057  -0.00225   0.02468
  21        3PY        -0.00245  -0.00057  -0.00225  -0.00225   0.02332
  22        3PZ        -0.00245  -0.00225  -0.00225  -0.00057   0.02332
  23        4S         -0.05434  -0.03756  -0.03756  -0.03756   0.00490
  24        4PX         0.00840   0.00573  -0.00014   0.00573  -0.00879
  25        4PY         0.00840  -0.00014   0.00573   0.00573  -0.00861
  26        4PZ         0.00840   0.00573   0.00573  -0.00014  -0.00861
  27 3   Cl 1S         -0.15287   0.15296   0.15296  -0.15296   0.00138
  28        2S          0.49092  -0.49143  -0.49143   0.49143  -0.00479
  29        2PX         0.00199  -0.00201  -0.00222   0.00201   0.29027
  30        2PY         0.00199  -0.00222  -0.00201   0.00201   0.27626
  31        2PZ        -0.00199   0.00201   0.00201  -0.00222  -0.27626
  32        3S          0.07918  -0.07195  -0.07195   0.07195   0.00291
  33        3PX         0.00245  -0.00225  -0.00057   0.00225   0.02468
  34        3PY         0.00245  -0.00057  -0.00225   0.00225   0.02332
  35        3PZ        -0.00245   0.00225   0.00225  -0.00057  -0.02332
  36        4S         -0.05434   0.03756   0.03756  -0.03756  -0.00490
  37        4PX        -0.00840   0.00573  -0.00014  -0.00573  -0.00879
  38        4PY        -0.00840  -0.00014   0.00573  -0.00573  -0.00861
  39        4PZ         0.00840  -0.00573  -0.00573  -0.00014   0.00861
  40 4   Cl 1S         -0.15287   0.15296  -0.15296   0.15296  -0.00138
  41        2S          0.49092  -0.49143   0.49143  -0.49143   0.00479
  42        2PX        -0.00199   0.00201  -0.00222   0.00201   0.29027
  43        2PY         0.00199  -0.00222   0.00201  -0.00201  -0.27626
  44        2PZ         0.00199  -0.00201   0.00201  -0.00222  -0.27626
  45        3S          0.07918  -0.07195   0.07195  -0.07195  -0.00291
  46        3PX        -0.00245   0.00225  -0.00057   0.00225   0.02468
  47        3PY         0.00245  -0.00057   0.00225  -0.00225  -0.02332
  48        3PZ         0.00245  -0.00225   0.00225  -0.00057  -0.02332
  49        4S         -0.05434   0.03756  -0.03756   0.03756   0.00490
  50        4PX         0.00840  -0.00573  -0.00014  -0.00573  -0.00879
  51        4PY        -0.00840  -0.00014  -0.00573   0.00573   0.00861
  52        4PZ        -0.00840   0.00573  -0.00573  -0.00014   0.00861
  53 5   Cl 1S         -0.15287  -0.15296   0.15296   0.15296   0.00138
  54        2S          0.49092   0.49143  -0.49143  -0.49143  -0.00479
  55        2PX         0.00199   0.00201  -0.00222  -0.00201   0.29027
  56        2PY        -0.00199  -0.00222   0.00201   0.00201  -0.27626
  57        2PZ         0.00199   0.00201  -0.00201  -0.00222   0.27626
  58        3S          0.07918   0.07195  -0.07195  -0.07195   0.00291
  59        3PX         0.00245   0.00225  -0.00057  -0.00225   0.02468
  60        3PY        -0.00245  -0.00057   0.00225   0.00225  -0.02332
  61        3PZ         0.00245   0.00225  -0.00225  -0.00057   0.02332
  62        4S         -0.05434  -0.03756   0.03756   0.03756  -0.00490
  63        4PX        -0.00840  -0.00573  -0.00014   0.00573  -0.00879
  64        4PY         0.00840  -0.00014  -0.00573  -0.00573   0.00861
  65        4PZ        -0.00840  -0.00573   0.00573  -0.00014  -0.00861
                          11        12        13        14        15
                        (T2)--O   (T2)--O   (A1)--O   (T2)--O   (T2)--O
     Eigenvalues --    -7.80109  -7.80109  -7.80094  -7.79835  -7.79835
   1 1   Al 1S          0.00000   0.00000   0.00003   0.00000   0.00000
   2        2S          0.00000   0.00000  -0.00048   0.00000   0.00000
   3        2PX         0.00000   0.00000   0.00000   0.00000   0.00005
   4        2PY        -0.00035   0.00000   0.00000   0.00000   0.00000
   5        2PZ         0.00000  -0.00035   0.00000   0.00005   0.00000
   6        3S          0.00000   0.00000  -0.00373   0.00000   0.00000
   7        3PX         0.00000   0.00000   0.00000   0.00000  -0.00039
   8        3PY        -0.00402   0.00000   0.00000   0.00000   0.00000
   9        3PZ         0.00000  -0.00402   0.00000  -0.00039   0.00000
  10        4S          0.00000   0.00000  -0.02329   0.00000   0.00000
  11        4PX         0.00000   0.00000   0.00000   0.00000   0.01770
  12        4PY        -0.00389   0.00000   0.00000   0.00000   0.00000
  13        4PZ         0.00000  -0.00389   0.00000   0.01770   0.00000
  14 2   Cl 1S         -0.00138  -0.00138  -0.00141   0.00008   0.00008
  15        2S          0.00479   0.00479   0.00490  -0.00034  -0.00034
  16        2PX         0.27626   0.27626   0.28105  -0.20538   0.39084
  17        2PY         0.29027   0.27626   0.28105  -0.20538  -0.20538
  18        2PZ         0.27626   0.29027   0.28105   0.39084  -0.20538
  19        3S         -0.00291  -0.00291  -0.00483   0.00243   0.00243
  20        3PX         0.02332   0.02332   0.02366  -0.01709   0.03268
  21        3PY         0.02468   0.02332   0.02366  -0.01709  -0.01709
  22        3PZ         0.02332   0.02468   0.02366   0.03268  -0.01709
  23        4S          0.00490   0.00490   0.01074  -0.00712  -0.00712
  24        4PX        -0.00861  -0.00861  -0.00970   0.00721  -0.01179
  25        4PY        -0.00879  -0.00861  -0.00970   0.00721   0.00721
  26        4PZ        -0.00861  -0.00879  -0.00970  -0.01179   0.00721
  27 3   Cl 1S          0.00138  -0.00138  -0.00141   0.00008  -0.00008
  28        2S         -0.00479   0.00479   0.00490  -0.00034   0.00034
  29        2PX         0.27626  -0.27626  -0.28105   0.20538   0.39084
  30        2PY         0.29027  -0.27626  -0.28105   0.20538  -0.20538
  31        2PZ        -0.27626   0.29027   0.28105   0.39084   0.20538
  32        3S          0.00291  -0.00291  -0.00483   0.00243  -0.00243
  33        3PX         0.02332  -0.02332  -0.02366   0.01709   0.03268
  34        3PY         0.02468  -0.02332  -0.02366   0.01709  -0.01709
  35        3PZ        -0.02332   0.02468   0.02366   0.03268   0.01709
  36        4S         -0.00490   0.00490   0.01074  -0.00712   0.00712
  37        4PX        -0.00861   0.00861   0.00970  -0.00721  -0.01179
  38        4PY        -0.00879   0.00861   0.00970  -0.00721   0.00721
  39        4PZ         0.00861  -0.00879  -0.00970  -0.01179  -0.00721
  40 4   Cl 1S          0.00138   0.00138  -0.00141  -0.00008   0.00008
  41        2S         -0.00479  -0.00479   0.00490   0.00034  -0.00034
  42        2PX        -0.27626  -0.27626   0.28105   0.20538   0.39084
  43        2PY         0.29027   0.27626  -0.28105  -0.20538   0.20538
  44        2PZ         0.27626   0.29027  -0.28105   0.39084   0.20538
  45        3S          0.00291   0.00291  -0.00483  -0.00243   0.00243
  46        3PX        -0.02332  -0.02332   0.02366   0.01709   0.03268
  47        3PY         0.02468   0.02332  -0.02366  -0.01709   0.01709
  48        3PZ         0.02332   0.02468  -0.02366   0.03268   0.01709
  49        4S         -0.00490  -0.00490   0.01074   0.00712  -0.00712
  50        4PX         0.00861   0.00861  -0.00970  -0.00721  -0.01179
  51        4PY        -0.00879  -0.00861   0.00970   0.00721  -0.00721
  52        4PZ        -0.00861  -0.00879   0.00970  -0.01179  -0.00721
  53 5   Cl 1S         -0.00138   0.00138  -0.00141  -0.00008  -0.00008
  54        2S          0.00479  -0.00479   0.00490   0.00034   0.00034
  55        2PX        -0.27626   0.27626  -0.28105  -0.20538   0.39084
  56        2PY         0.29027  -0.27626   0.28105   0.20538   0.20538
  57        2PZ        -0.27626   0.29027  -0.28105   0.39084  -0.20538
  58        3S         -0.00291   0.00291  -0.00483  -0.00243  -0.00243
  59        3PX        -0.02332   0.02332  -0.02366  -0.01709   0.03268
  60        3PY         0.02468  -0.02332   0.02366   0.01709   0.01709
  61        3PZ        -0.02332   0.02468  -0.02366   0.03268  -0.01709
  62        4S          0.00490  -0.00490   0.01074   0.00712   0.00712
  63        4PX         0.00861  -0.00861   0.00970   0.00721  -0.01179
  64        4PY        -0.00879   0.00861  -0.00970  -0.00721  -0.00721
  65        4PZ         0.00861  -0.00879   0.00970  -0.01179   0.00721
                          16        17        18        19        20
                        (T2)--O   (T1)--O   (T1)--O   (T1)--O   (E)--O
     Eigenvalues --    -7.79835  -7.79819  -7.79819  -7.79819  -7.79789
   1 1   Al 1S          0.00000   0.00000   0.00000   0.00000  -0.00000
   2        2S          0.00000   0.00000   0.00000   0.00000   0.00000
   3        2PX         0.00000   0.00000   0.00000  -0.00000   0.00000
   4        2PY         0.00005  -0.00000   0.00000   0.00000   0.00000
   5        2PZ         0.00000   0.00000  -0.00000   0.00000   0.00000
   6        3S          0.00000   0.00000   0.00000   0.00000   0.00000
   7        3PX         0.00000   0.00000   0.00000  -0.00000   0.00000
   8        3PY        -0.00039   0.00000   0.00000   0.00000   0.00000
   9        3PZ         0.00000   0.00000   0.00000   0.00000   0.00000
  10        4S          0.00000   0.00000   0.00000   0.00000   0.00000
  11        4PX         0.00000   0.00000   0.00000  -0.00000   0.00000
  12        4PY         0.01770  -0.00000   0.00000   0.00000   0.00000
  13        4PZ         0.00000   0.00000  -0.00000   0.00000   0.00000
  14 2   Cl 1S          0.00008  -0.00000  -0.00000  -0.00000   0.00000
  15        2S         -0.00034   0.00000   0.00000   0.00000  -0.00000
  16        2PX        -0.20538   0.34441   0.34441  -0.00000   0.37003
  17        2PY         0.39084  -0.00000  -0.34441   0.34441  -0.05843
  18        2PZ        -0.20538  -0.34441  -0.00000  -0.34441  -0.31160
  19        3S          0.00243  -0.00000  -0.00000  -0.00000   0.00000
  20        3PX        -0.01709   0.02823   0.02823  -0.00000   0.02956
  21        3PY         0.03268  -0.00000  -0.02823   0.02823  -0.00467
  22        3PZ        -0.01709  -0.02823  -0.00000  -0.02823  -0.02489
  23        4S         -0.00712   0.00000   0.00000   0.00000  -0.00000
  24        4PX         0.00721  -0.00887  -0.00887   0.00000  -0.00812
  25        4PY        -0.01179   0.00000   0.00887  -0.00887   0.00128
  26        4PZ         0.00721   0.00887   0.00000   0.00887   0.00684
  27 3   Cl 1S         -0.00008   0.00000  -0.00000   0.00000   0.00000
  28        2S          0.00034  -0.00000   0.00000  -0.00000  -0.00000
  29        2PX        -0.20538   0.34441  -0.34441  -0.00000  -0.37003
  30        2PY         0.39084  -0.00000   0.34441   0.34441   0.05843
  31        2PZ         0.20538   0.34441  -0.00000   0.34441  -0.31160
  32        3S         -0.00243   0.00000  -0.00000   0.00000   0.00000
  33        3PX        -0.01709   0.02823  -0.02823  -0.00000  -0.02956
  34        3PY         0.03268  -0.00000   0.02823   0.02823   0.00467
  35        3PZ         0.01709   0.02823  -0.00000   0.02823  -0.02489
  36        4S          0.00712  -0.00000   0.00000  -0.00000  -0.00000
  37        4PX         0.00721  -0.00887   0.00887   0.00000   0.00812
  38        4PY        -0.01179   0.00000  -0.00887  -0.00887  -0.00128
  39        4PZ        -0.00721  -0.00887   0.00000  -0.00887   0.00684
  40 4   Cl 1S         -0.00008   0.00000   0.00000  -0.00000   0.00000
  41        2S          0.00034  -0.00000  -0.00000   0.00000  -0.00000
  42        2PX         0.20538  -0.34441  -0.34441  -0.00000   0.37003
  43        2PY         0.39084  -0.00000  -0.34441  -0.34441   0.05843
  44        2PZ        -0.20538  -0.34441  -0.00000   0.34441   0.31160
  45        3S         -0.00243   0.00000   0.00000  -0.00000   0.00000
  46        3PX         0.01709  -0.02823  -0.02823  -0.00000   0.02956
  47        3PY         0.03268  -0.00000  -0.02823  -0.02823   0.00467
  48        3PZ        -0.01709  -0.02823  -0.00000   0.02823   0.02489
  49        4S          0.00712  -0.00000  -0.00000   0.00000  -0.00000
  50        4PX        -0.00721   0.00887   0.00887   0.00000  -0.00812
  51        4PY        -0.01179   0.00000   0.00887   0.00887  -0.00128
  52        4PZ         0.00721   0.00887   0.00000  -0.00887  -0.00684
  53 5   Cl 1S          0.00008  -0.00000   0.00000   0.00000   0.00000
  54        2S         -0.00034   0.00000  -0.00000  -0.00000  -0.00000
  55        2PX         0.20538  -0.34441   0.34441  -0.00000  -0.37003
  56        2PY         0.39084  -0.00000   0.34441  -0.34441  -0.05843
  57        2PZ         0.20538   0.34441  -0.00000  -0.34441   0.31160
  58        3S          0.00243  -0.00000   0.00000   0.00000   0.00000
  59        3PX         0.01709  -0.02823   0.02823  -0.00000  -0.02956
  60        3PY         0.03268  -0.00000   0.02823  -0.02823  -0.00467
  61        3PZ         0.01709   0.02823  -0.00000  -0.02823   0.02489
  62        4S         -0.00712   0.00000  -0.00000  -0.00000  -0.00000
  63        4PX        -0.00721   0.00887  -0.00887   0.00000   0.00812
  64        4PY        -0.01179   0.00000  -0.00887   0.00887   0.00128
  65        4PZ        -0.00721  -0.00887   0.00000   0.00887  -0.00684
                          21        22        23        24        25
                        (E)--O    (A1)--O   (T2)--O   (T2)--O   (T2)--O
     Eigenvalues --    -7.79789  -4.84511  -3.15026  -3.15026  -3.15026
   1 1   Al 1S          0.00000  -0.28400   0.00000   0.00000   0.00000
   2        2S         -0.00000   1.01004   0.00000   0.00000   0.00000
   3        2PX        -0.00000   0.00000   0.97817   0.00000   0.00000
   4        2PY        -0.00000   0.00000   0.00000   0.97817   0.00000
   5        2PZ        -0.00000   0.00000   0.00000   0.00000   0.97817
   6        3S         -0.00000   0.09364   0.00000   0.00000   0.00000
   7        3PX        -0.00000   0.00000   0.09150   0.00000   0.00000
   8        3PY        -0.00000   0.00000   0.00000   0.09150   0.00000
   9        3PZ        -0.00000   0.00000   0.00000   0.00000   0.09150
  10        4S         -0.00000  -0.01207   0.00000   0.00000   0.00000
  11        4PX        -0.00000   0.00000  -0.02559   0.00000   0.00000
  12        4PY        -0.00000   0.00000   0.00000  -0.02559   0.00000
  13        4PZ        -0.00000   0.00000   0.00000   0.00000  -0.02559
  14 2   Cl 1S         -0.00000   0.00005   0.00004   0.00004   0.00004
  15        2S          0.00000  -0.00018  -0.00006  -0.00006  -0.00006
  16        2PX        -0.14617   0.00004   0.00001   0.00006   0.00006
  17        2PY         0.39354   0.00004   0.00006   0.00001   0.00006
  18        2PZ        -0.24737   0.00004   0.00006   0.00006   0.00001
  19        3S         -0.00000   0.00510   0.00048   0.00048   0.00048
  20        3PX        -0.01168  -0.00057   0.00055   0.00035   0.00035
  21        3PY         0.03144  -0.00057   0.00035   0.00055   0.00035
  22        3PZ        -0.01976  -0.00057   0.00035   0.00035   0.00055
  23        4S          0.00000  -0.01042  -0.00260  -0.00260  -0.00260
  24        4PX         0.00321   0.00611   0.00324   0.00449   0.00449
  25        4PY        -0.00863   0.00611   0.00449   0.00324   0.00449
  26        4PZ         0.00543   0.00611   0.00449   0.00449   0.00324
  27 3   Cl 1S         -0.00000   0.00005  -0.00004  -0.00004   0.00004
  28        2S          0.00000  -0.00018   0.00006   0.00006  -0.00006
  29        2PX         0.14617  -0.00004   0.00001   0.00006  -0.00006
  30        2PY        -0.39354  -0.00004   0.00006   0.00001  -0.00006
  31        2PZ        -0.24737   0.00004  -0.00006  -0.00006   0.00001
  32        3S         -0.00000   0.00510  -0.00048  -0.00048   0.00048
  33        3PX         0.01168   0.00057   0.00055   0.00035  -0.00035
  34        3PY        -0.03144   0.00057   0.00035   0.00055  -0.00035
  35        3PZ        -0.01976  -0.00057  -0.00035  -0.00035   0.00055
  36        4S          0.00000  -0.01042   0.00260   0.00260  -0.00260
  37        4PX        -0.00321  -0.00611   0.00324   0.00449  -0.00449
  38        4PY         0.00863  -0.00611   0.00449   0.00324  -0.00449
  39        4PZ         0.00543   0.00611  -0.00449  -0.00449   0.00324
  40 4   Cl 1S         -0.00000   0.00005   0.00004  -0.00004  -0.00004
  41        2S          0.00000  -0.00018  -0.00006   0.00006   0.00006
  42        2PX        -0.14617   0.00004   0.00001  -0.00006  -0.00006
  43        2PY        -0.39354  -0.00004  -0.00006   0.00001   0.00006
  44        2PZ         0.24737  -0.00004  -0.00006   0.00006   0.00001
  45        3S         -0.00000   0.00510   0.00048  -0.00048  -0.00048
  46        3PX        -0.01168  -0.00057   0.00055  -0.00035  -0.00035
  47        3PY        -0.03144   0.00057  -0.00035   0.00055   0.00035
  48        3PZ         0.01976   0.00057  -0.00035   0.00035   0.00055
  49        4S          0.00000  -0.01042  -0.00260   0.00260   0.00260
  50        4PX         0.00321   0.00611   0.00324  -0.00449  -0.00449
  51        4PY         0.00863  -0.00611  -0.00449   0.00324   0.00449
  52        4PZ        -0.00543  -0.00611  -0.00449   0.00449   0.00324
  53 5   Cl 1S         -0.00000   0.00005  -0.00004   0.00004  -0.00004
  54        2S          0.00000  -0.00018   0.00006  -0.00006   0.00006
  55        2PX         0.14617  -0.00004   0.00001  -0.00006   0.00006
  56        2PY         0.39354   0.00004  -0.00006   0.00001  -0.00006
  57        2PZ         0.24737  -0.00004   0.00006  -0.00006   0.00001
  58        3S         -0.00000   0.00510  -0.00048   0.00048  -0.00048
  59        3PX         0.01168   0.00057   0.00055  -0.00035   0.00035
  60        3PY         0.03144  -0.00057  -0.00035   0.00055  -0.00035
  61        3PZ         0.01976   0.00057   0.00035  -0.00035   0.00055
  62        4S          0.00000  -0.01042   0.00260  -0.00260   0.00260
  63        4PX        -0.00321  -0.00611   0.00324  -0.00449   0.00449
  64        4PY        -0.00863   0.00611  -0.00449   0.00324  -0.00449
  65        4PZ        -0.00543  -0.00611   0.00449  -0.00449   0.00324
                          26        27        28        29        30
                        (A1)--O   (T2)--O   (T2)--O   (T2)--O   (A1)--O
     Eigenvalues --    -0.94630  -0.92137  -0.92137  -0.92137  -0.45534
   1 1   Al 1S          0.01794   0.00000   0.00000   0.00000   0.04091
   2        2S         -0.08282   0.00000   0.00000   0.00000  -0.19462
   3        2PX         0.00000   0.00000   0.00000  -0.04358   0.00000
   4        2PY         0.00000  -0.04358   0.00000   0.00000   0.00000
   5        2PZ         0.00000   0.00000  -0.04358   0.00000   0.00000
   6        3S          0.13233   0.00000   0.00000   0.00000   0.36270
   7        3PX         0.00000   0.00000   0.00000   0.05967   0.00000
   8        3PY         0.00000   0.05967   0.00000   0.00000   0.00000
   9        3PZ         0.00000   0.00000   0.05967   0.00000   0.00000
  10        4S         -0.06372   0.00000   0.00000   0.00000   0.02670
  11        4PX         0.00000   0.00000   0.00000  -0.04058   0.00000
  12        4PY         0.00000  -0.04058   0.00000   0.00000   0.00000
  13        4PZ         0.00000   0.00000  -0.04058   0.00000   0.00000
  14 2   Cl 1S          0.03789   0.03960   0.03960   0.03960  -0.01230
  15        2S         -0.22275  -0.23297  -0.23297  -0.23297   0.07391
  16        2PX         0.01028   0.00791   0.00791   0.00634   0.06194
  17        2PY         0.01028   0.00634   0.00791   0.00791   0.06194
  18        2PZ         0.01028   0.00791   0.00634   0.00791   0.06194
  19        3S          0.26610   0.28139   0.28139   0.28139  -0.10492
  20        3PX        -0.02030  -0.01511  -0.01511  -0.01256  -0.13067
  21        3PY        -0.02030  -0.01256  -0.01511  -0.01511  -0.13067
  22        3PZ        -0.02030  -0.01511  -0.01256  -0.01511  -0.13067
  23        4S          0.27293   0.28025   0.28025   0.28025  -0.08542
  24        4PX        -0.02033  -0.01816  -0.01816  -0.01080  -0.10623
  25        4PY        -0.02033  -0.01080  -0.01816  -0.01816  -0.10623
  26        4PZ        -0.02033  -0.01816  -0.01080  -0.01816  -0.10623
  27 3   Cl 1S          0.03789  -0.03960   0.03960  -0.03960  -0.01230
  28        2S         -0.22275   0.23297  -0.23297   0.23297   0.07391
  29        2PX        -0.01028   0.00791  -0.00791   0.00634  -0.06194
  30        2PY        -0.01028   0.00634  -0.00791   0.00791  -0.06194
  31        2PZ         0.01028  -0.00791   0.00634  -0.00791   0.06194
  32        3S          0.26610  -0.28139   0.28139  -0.28139  -0.10492
  33        3PX         0.02030  -0.01511   0.01511  -0.01256   0.13067
  34        3PY         0.02030  -0.01256   0.01511  -0.01511   0.13067
  35        3PZ        -0.02030   0.01511  -0.01256   0.01511  -0.13067
  36        4S          0.27293  -0.28025   0.28025  -0.28025  -0.08542
  37        4PX         0.02033  -0.01816   0.01816  -0.01080   0.10623
  38        4PY         0.02033  -0.01080   0.01816  -0.01816   0.10623
  39        4PZ        -0.02033   0.01816  -0.01080   0.01816  -0.10623
  40 4   Cl 1S          0.03789  -0.03960  -0.03960   0.03960  -0.01230
  41        2S         -0.22275   0.23297   0.23297  -0.23297   0.07391
  42        2PX         0.01028  -0.00791  -0.00791   0.00634   0.06194
  43        2PY        -0.01028   0.00634   0.00791  -0.00791  -0.06194
  44        2PZ        -0.01028   0.00791   0.00634  -0.00791  -0.06194
  45        3S          0.26610  -0.28139  -0.28139   0.28139  -0.10492
  46        3PX        -0.02030   0.01511   0.01511  -0.01256  -0.13067
  47        3PY         0.02030  -0.01256  -0.01511   0.01511   0.13067
  48        3PZ         0.02030  -0.01511  -0.01256   0.01511   0.13067
  49        4S          0.27293  -0.28025  -0.28025   0.28025  -0.08542
  50        4PX        -0.02033   0.01816   0.01816  -0.01080  -0.10623
  51        4PY         0.02033  -0.01080  -0.01816   0.01816   0.10623
  52        4PZ         0.02033  -0.01816  -0.01080   0.01816   0.10623
  53 5   Cl 1S          0.03789   0.03960  -0.03960  -0.03960  -0.01230
  54        2S         -0.22275  -0.23297   0.23297   0.23297   0.07391
  55        2PX        -0.01028  -0.00791   0.00791   0.00634  -0.06194
