 Entering Gaussian System, Link 0=g16
 Input=/home/gaussian/Documents/Summer_Internship/Acid_Base_adduct/Acid/BF3/MX4-/BF4_ion_sp.com
 Output=/home/gaussian/Documents/Summer_Internship/Acid_Base_adduct/Acid/BF3/MX4-/BF4_ion_sp.log
 Initial command:
 /usr/local/g16/l1.exe "/home/gaussian/tmp/Gau-77608.inp" -scrdir="/home/gaussian/tmp/"
 Entering Link 1 = /usr/local/g16/l1.exe PID=     77611.
  
 Copyright (c) 1988-2017, Gaussian, Inc.  All Rights Reserved.
  
 This is part of the Gaussian(R) 16 program.  It is based on
 the Gaussian(R) 09 system (copyright 2009, Gaussian, Inc.),
 the Gaussian(R) 03 system (copyright 2003, Gaussian, Inc.),
 the Gaussian(R) 98 system (copyright 1998, Gaussian, Inc.),
 the Gaussian(R) 94 system (copyright 1995, Gaussian, Inc.),
 the Gaussian 92(TM) system (copyright 1992, Gaussian, Inc.),
 the Gaussian 90(TM) system (copyright 1990, Gaussian, Inc.),
 the Gaussian 88(TM) system (copyright 1988, Gaussian, Inc.),
 the Gaussian 86(TM) system (copyright 1986, Carnegie Mellon
 University), and the Gaussian 82(TM) system (copyright 1983,
 Carnegie Mellon University). Gaussian is a federally registered
 trademark of Gaussian, Inc.
  
 This software contains proprietary and confidential information,
 including trade secrets, belonging to Gaussian, Inc.
  
 This software is provided under written license and may be
 used, copied, transmitted, or stored only in accord with that
 written license.
  
 The following legend is applicable only to US Government
 contracts under FAR:
  
                    RESTRICTED RIGHTS LEGEND
  
 Use, reproduction and disclosure by the US Government is
 subject to restrictions as set forth in subparagraphs (a)
 and (c) of the Commercial Computer Software - Restricted
 Rights clause in FAR 52.227-19.
  
 Gaussian, Inc.
 340 Quinnipiac St., Bldg. 40, Wallingford CT 06492
  
  
 ---------------------------------------------------------------
 Warning -- This program may not be used in any manner that
 competes with the business of Gaussian, Inc. or will provide
 assistance to any competitor of Gaussian, Inc.  The licensee
 of this program is prohibited from giving any competitor of
 Gaussian, Inc. access to this program.  By using this program,
 the user acknowledges that Gaussian, Inc. is engaged in the
 business of creating and licensing software in the field of
 computational chemistry and represents and warrants to the
 licensee that it is not a competitor of Gaussian, Inc. and that
 it will not use this program in any manner prohibited above.
 ---------------------------------------------------------------
  

 Cite this work as:
 Gaussian 16, Revision B.01,
 M. J. Frisch, G. W. Trucks, H. B. Schlegel, G. E. Scuseria, 
 M. A. Robb, J. R. Cheeseman, G. Scalmani, V. Barone, 
 G. A. Petersson, H. Nakatsuji, X. Li, M. Caricato, A. V. Marenich, 
 J. Bloino, B. G. Janesko, R. Gomperts, B. Mennucci, H. P. Hratchian, 
 J. V. Ortiz, A. F. Izmaylov, J. L. Sonnenberg, D. Williams-Young, 
 F. Ding, F. Lipparini, F. Egidi, J. Goings, B. Peng, A. Petrone, 
 T. Henderson, D. Ranasinghe, V. G. Zakrzewski, J. Gao, N. Rega, 
 G. Zheng, W. Liang, M. Hada, M. Ehara, K. Toyota, R. Fukuda, 
 J. Hasegawa, M. Ishida, T. Nakajima, Y. Honda, O. Kitao, H. Nakai, 
 T. Vreven, K. Throssell, J. A. Montgomery, Jr., J. E. Peralta, 
 F. Ogliaro, M. J. Bearpark, J. J. Heyd, E. N. Brothers, K. N. Kudin, 
 V. N. Staroverov, T. A. Keith, R. Kobayashi, J. Normand, 
 K. Raghavachari, A. P. Rendell, J. C. Burant, S. S. Iyengar, 
 J. Tomasi, M. Cossi, J. M. Millam, M. Klene, C. Adamo, R. Cammi, 
 J. W. Ochterski, R. L. Martin, K. Morokuma, O. Farkas, 
 J. B. Foresman, and D. J. Fox, Gaussian, Inc., Wallingford CT, 2016.
 
 ******************************************
 Gaussian 16:  EM64L-G16RevB.01 20-Dec-2017
                16-Jun-2025 
 ******************************************
 %chk=BF4_ion_sp.chk
 -------------------------------------
 # hf/3-21g pop=full geom=connectivity
 -------------------------------------
 1/38=1,57=2,172=1/1;
 2/12=2,17=6,18=5,40=1/2;
 3/5=5,11=9,25=1,30=1/1,2,3;
 4//1;
 5/5=2,38=5/2;
 6/7=3,28=1/1;
 99/5=1,9=1/99;
 -------
 BF4- sp
 -------
 Symbolic Z-matrix:
 Charge = -1 Multiplicity = 1
 B                     0.        0.        0. 
 F                    -0.80979  -0.80979   0.80979 
 F                     0.80979   0.80979   0.80979 
 F                    -0.80979   0.80979  -0.80979 
 F                     0.80979  -0.80979  -0.80979 
 
                          Input orientation:                          
 ---------------------------------------------------------------------
 Center     Atomic      Atomic             Coordinates (Angstroms)
 Number     Number       Type             X           Y           Z
 ---------------------------------------------------------------------
      1          5           0        0.000000    0.000000    0.000000
      2          9           0       -0.809789   -0.809789    0.809789
      3          9           0        0.809789    0.809789    0.809789
      4          9           0       -0.809789    0.809789   -0.809789
      5          9           0        0.809789   -0.809789   -0.809789
 ---------------------------------------------------------------------
                    Distance matrix (angstroms):
                    1          2          3          4          5
     1  B    0.000000
     2  F    1.402596   0.000000
     3  F    1.402596   2.290429   0.000000
     4  F    1.402596   2.290429   2.290429   0.000000
     5  F    1.402596   2.290429   2.290429   2.290429   0.000000
 Stoichiometry    BF4(1-)
 Framework group  TD[O(B),4C3(F)]
 Deg. of freedom     1
 Full point group                 TD      NOp  24
 Largest Abelian subgroup         D2      NOp   4
 Largest concise Abelian subgroup D2      NOp   4
                         Standard orientation:                         
 ---------------------------------------------------------------------
 Center     Atomic      Atomic             Coordinates (Angstroms)
 Number     Number       Type             X           Y           Z
 ---------------------------------------------------------------------
      1          5           0        0.000000    0.000000    0.000000
      2          9           0        0.809789    0.809789    0.809789
      3          9           0       -0.809789   -0.809789    0.809789
      4          9           0        0.809789   -0.809789   -0.809789
      5          9           0       -0.809789    0.809789   -0.809789
 ---------------------------------------------------------------------
 Rotational constants (GHZ):           5.0706819           5.0706819           5.0706819
 Standard basis: 3-21G (6D, 7F)
 There are    12 symmetry adapted cartesian basis functions of A   symmetry.
 There are    11 symmetry adapted cartesian basis functions of B1  symmetry.
 There are    11 symmetry adapted cartesian basis functions of B2  symmetry.
 There are    11 symmetry adapted cartesian basis functions of B3  symmetry.
 There are    12 symmetry adapted basis functions of A   symmetry.
 There are    11 symmetry adapted basis functions of B1  symmetry.
 There are    11 symmetry adapted basis functions of B2  symmetry.
 There are    11 symmetry adapted basis functions of B3  symmetry.
    45 basis functions,    75 primitive gaussians,    45 cartesian basis functions
    21 alpha electrons       21 beta electrons
       nuclear repulsion energy       180.1958460092 Hartrees.
 NAtoms=    5 NActive=    5 NUniq=    2 SFac= 4.00D+00 NAtFMM=   60 NAOKFM=F Big=F
 Integral buffers will be    131072 words long.
 Raffenetti 1 integral format.
 Two-electron integral symmetry is turned on.
 One-electron integrals computed using PRISM.
 NBasis=    45 RedAO= T EigKep=  7.30D-02  NBF=    12    11    11    11
 NBsUse=    45 1.00D-06 EigRej= -1.00D+00 NBFU=    12    11    11    11
 ExpMin= 1.24D-01 ExpMax= 4.14D+02 ExpMxC= 4.14D+02 IAcc=3 IRadAn=         5 AccDes= 0.00D+00
 Harris functional with IExCor=  205 and IRadAn=       5 diagonalized for initial guess.
 HarFok:  IExCor=  205 AccDes= 0.00D+00 IRadAn=         5 IDoV= 1 UseB2=F ITyADJ=14
 ICtDFT=  3500011 ScaDFX=  1.000000  1.000000  1.000000  1.000000
 FoFCou: FMM=F IPFlag=           0 FMFlag=      100000 FMFlg1=           0
         NFxFlg=           0 DoJE=T BraDBF=F KetDBF=T FulRan=T
         wScrn=  0.000000 ICntrl=       500 IOpCl=  0 I1Cent=   200000004 NGrid=           0
         NMat0=    1 NMatS0=      1 NMatT0=    0 NMatD0=    1 NMtDS0=    0 NMtDT0=    0
 Petite list used in FoFCou.
 Initial guess orbital symmetries:
       Occupied  (A1) (T2) (T2) (T2) (A1) (A1) (T2) (T2) (T2) (A1)
                 (T2) (T2) (T2) (E) (E) (T2) (T2) (T2) (T1) (T1)
                 (T1)
       Virtual   (A1) (T2) (T2) (T2) (T2) (T2) (T2) (A1) (E) (E)
                 (T1) (T1) (T1) (T2) (T2) (T2) (A1) (T2) (T2) (T2)
                 (T2) (T2) (T2) (A1)
 The electronic state of the initial guess is 1-A1.
 Keep R1 ints in memory in symmetry-blocked form, NReq=1347868.
 Requested convergence on RMS density matrix=1.00D-08 within 128 cycles.
 Requested convergence on MAX density matrix=1.00D-06.
 Requested convergence on             energy=1.00D-06.
 No special actions if energy rises.
 SCF Done:  E(RHF) =  -420.492469288     A.U. after    9 cycles
            NFock=  9  Conv=0.21D-08     -V/T= 2.0034

 **********************************************************************

            Population analysis using the SCF Density.

 **********************************************************************

 Orbital symmetries:
       Occupied  (A1) (T2) (T2) (T2) (A1) (A1) (T2) (T2) (T2) (A1)
                 (T2) (T2) (T2) (E) (E) (T2) (T2) (T2) (T1) (T1)
                 (T1)
       Virtual   (A1) (T2) (T2) (T2) (T2) (T2) (T2) (A1) (E) (E)
                 (T1) (T1) (T1) (T2) (T2) (T2) (A1) (T2) (T2) (T2)
                 (T2) (T2) (T2) (A1)
 The electronic state is 1-A1.
 Alpha  occ. eigenvalues --  -25.88601 -25.88485 -25.88485 -25.88485  -7.45678
 Alpha  occ. eigenvalues --   -1.36511  -1.29898  -1.29898  -1.29898  -0.54801
 Alpha  occ. eigenvalues --   -0.47968  -0.47968  -0.47968  -0.39111  -0.39111
 Alpha  occ. eigenvalues --   -0.35812  -0.35812  -0.35812  -0.33770  -0.33770
 Alpha  occ. eigenvalues --   -0.33770
 Alpha virt. eigenvalues --    0.67089   0.67856   0.67856   0.67856   0.98841
 Alpha virt. eigenvalues --    0.98841   0.98841   1.16214   2.37210   2.37210
 Alpha virt. eigenvalues --    2.59774   2.59774   2.59774   2.61919   2.61919
 Alpha virt. eigenvalues --    2.61919   2.66181   2.80294   2.80294   2.80294
 Alpha virt. eigenvalues --    4.18731   4.18731   4.18731   4.78229
     Molecular Orbital Coefficients:
                           1         2         3         4         5
                        (A1)--O   (T2)--O   (T2)--O   (T2)--O   (A1)--O
     Eigenvalues --   -25.88601 -25.88485 -25.88485 -25.88485  -7.45678
   1 1   B  1S         -0.00108   0.00000   0.00000   0.00000   0.98690
   2        2S          0.00287   0.00000   0.00000   0.00000   0.09310
   3        2PX         0.00000   0.00363   0.00000   0.00000   0.00000
   4        2PY         0.00000   0.00000   0.00000   0.00363   0.00000
   5        2PZ         0.00000   0.00000   0.00363   0.00000   0.00000
   6        3S          0.02113   0.00000   0.00000   0.00000  -0.01683
   7        3PX         0.00000   0.00942   0.00000   0.00000   0.00000
   8        3PY         0.00000   0.00000   0.00000   0.00942   0.00000
   9        3PZ         0.00000   0.00000   0.00942   0.00000   0.00000
  10 2   F  1S          0.49117   0.49098   0.49098   0.49098   0.00014
  11        2S          0.05000   0.04816   0.04816   0.04816   0.00284
  12        2PX        -0.00091  -0.00015  -0.00083  -0.00083  -0.00093
  13        2PY        -0.00091  -0.00083  -0.00083  -0.00015  -0.00093
  14        2PZ        -0.00091  -0.00083  -0.00015  -0.00083  -0.00093
  15        3S         -0.02164  -0.01681  -0.01681  -0.01681  -0.00656
  16        3PX         0.00284  -0.00050   0.00219   0.00219   0.00542
  17        3PY         0.00284   0.00219   0.00219  -0.00050   0.00542
  18        3PZ         0.00284   0.00219  -0.00050   0.00219   0.00542
  19 3   F  1S          0.49117  -0.49098   0.49098  -0.49098   0.00014
  20        2S          0.05000  -0.04816   0.04816  -0.04816   0.00284
  21        2PX         0.00091  -0.00015   0.00083  -0.00083   0.00093
  22        2PY         0.00091  -0.00083   0.00083  -0.00015   0.00093
  23        2PZ        -0.00091   0.00083  -0.00015   0.00083  -0.00093
  24        3S         -0.02164   0.01681  -0.01681   0.01681  -0.00656
  25        3PX        -0.00284  -0.00050  -0.00219   0.00219  -0.00542
  26        3PY        -0.00284   0.00219  -0.00219  -0.00050  -0.00542
  27        3PZ         0.00284  -0.00219  -0.00050  -0.00219   0.00542
  28 4   F  1S          0.49117   0.49098  -0.49098  -0.49098   0.00014
  29        2S          0.05000   0.04816  -0.04816  -0.04816   0.00284
  30        2PX        -0.00091  -0.00015   0.00083   0.00083  -0.00093
  31        2PY         0.00091   0.00083  -0.00083  -0.00015   0.00093
  32        2PZ         0.00091   0.00083  -0.00015  -0.00083   0.00093
  33        3S         -0.02164  -0.01681   0.01681   0.01681  -0.00656
  34        3PX         0.00284  -0.00050  -0.00219  -0.00219   0.00542
  35        3PY        -0.00284  -0.00219   0.00219  -0.00050  -0.00542
  36        3PZ        -0.00284  -0.00219  -0.00050   0.00219  -0.00542
  37 5   F  1S          0.49117  -0.49098  -0.49098   0.49098   0.00014
  38        2S          0.05000  -0.04816  -0.04816   0.04816   0.00284
  39        2PX         0.00091  -0.00015  -0.00083   0.00083   0.00093
  40        2PY        -0.00091   0.00083   0.00083  -0.00015  -0.00093
  41        2PZ         0.00091  -0.00083  -0.00015   0.00083   0.00093
  42        3S         -0.02164   0.01681   0.01681  -0.01681  -0.00656
  43        3PX        -0.00284  -0.00050   0.00219  -0.00219  -0.00542
  44        3PY         0.00284  -0.00219  -0.00219  -0.00050   0.00542
  45        3PZ        -0.00284   0.00219  -0.00050  -0.00219  -0.00542
                           6         7         8         9        10
                        (A1)--O   (T2)--O   (T2)--O   (T2)--O   (A1)--O
     Eigenvalues --    -1.36511  -1.29898  -1.29898  -1.29898  -0.54801
   1 1   B  1S         -0.08706   0.00000   0.00000   0.00000  -0.13862
   2        2S          0.08533   0.00000   0.00000   0.00000   0.23654
   3        2PX         0.00000   0.07612   0.00000   0.00000   0.00000
   4        2PY         0.00000   0.00000   0.00000   0.07612   0.00000
   5        2PZ         0.00000   0.00000   0.07612   0.00000   0.00000
   6        3S          0.03674   0.00000   0.00000   0.00000   0.05627
   7        3PX         0.00000   0.00099   0.00000   0.00000   0.00000
   8        3PY         0.00000   0.00000   0.00000   0.00099   0.00000
   9        3PZ         0.00000   0.00000   0.00099   0.00000   0.00000
  10 2   F  1S         -0.11871  -0.12566  -0.12566  -0.12566   0.04035
  11        2S          0.11058   0.11934   0.11934   0.11934  -0.04367
  12        2PX        -0.01845  -0.00781  -0.01468  -0.01468  -0.12351
  13        2PY        -0.01845  -0.01468  -0.01468  -0.00781  -0.12351
  14        2PZ        -0.01845  -0.01468  -0.00781  -0.01468  -0.12351
  15        3S          0.37507   0.39989   0.39989   0.39989  -0.14722
  16        3PX        -0.02525  -0.01065  -0.01858  -0.01858  -0.14244
  17        3PY        -0.02525  -0.01858  -0.01858  -0.01065  -0.14244
  18        3PZ        -0.02525  -0.01858  -0.01065  -0.01858  -0.14244
  19 3   F  1S         -0.11871   0.12566  -0.12566   0.12566   0.04035
  20        2S          0.11058  -0.11934   0.11934  -0.11934  -0.04367
  21        2PX         0.01845  -0.00781   0.01468  -0.01468   0.12351
  22        2PY         0.01845  -0.01468   0.01468  -0.00781   0.12351
  23        2PZ        -0.01845   0.01468  -0.00781   0.01468  -0.12351
  24        3S          0.37507  -0.39989   0.39989  -0.39989  -0.14722
  25        3PX         0.02525  -0.01065   0.01858  -0.01858   0.14244
  26        3PY         0.02525  -0.01858   0.01858  -0.01065   0.14244
  27        3PZ        -0.02525   0.01858  -0.01065   0.01858  -0.14244
  28 4   F  1S         -0.11871  -0.12566   0.12566   0.12566   0.04035
  29        2S          0.11058   0.11934  -0.11934  -0.11934  -0.04367
  30        2PX        -0.01845  -0.00781   0.01468   0.01468  -0.12351
  31        2PY         0.01845   0.01468  -0.01468  -0.00781   0.12351
  32        2PZ         0.01845   0.01468  -0.00781  -0.01468   0.12351
  33        3S          0.37507   0.39989  -0.39989  -0.39989  -0.14722
  34        3PX        -0.02525  -0.01065   0.01858   0.01858  -0.14244
  35        3PY         0.02525   0.01858  -0.01858  -0.01065   0.14244
  36        3PZ         0.02525   0.01858  -0.01065  -0.01858   0.14244
  37 5   F  1S         -0.11871   0.12566   0.12566  -0.12566   0.04035
  38        2S          0.11058  -0.11934  -0.11934   0.11934  -0.04367
  39        2PX         0.01845  -0.00781  -0.01468   0.01468   0.12351
  40        2PY        -0.01845   0.01468   0.01468  -0.00781  -0.12351
  41        2PZ         0.01845  -0.01468  -0.00781   0.01468   0.12351
  42        3S          0.37507  -0.39989  -0.39989   0.39989  -0.14722
  43        3PX         0.02525  -0.01065  -0.01858   0.01858   0.14244
  44        3PY        -0.02525   0.01858   0.01858  -0.01065  -0.14244
  45        3PZ         0.02525  -0.01858  -0.01065   0.01858   0.14244
                          11        12        13        14        15
                        (T2)--O   (T2)--O   (T2)--O   (E)--O    (E)--O
     Eigenvalues --    -0.47968  -0.47968  -0.47968  -0.39111  -0.39111
   1 1   B  1S          0.00000   0.00000   0.00000  -0.00000  -0.00000
   2        2S          0.00000   0.00000   0.00000   0.00000   0.00000
   3        2PX         0.23147   0.00000   0.00000  -0.00000   0.00000
   4        2PY         0.00000   0.23147   0.00000  -0.00000   0.00000
   5        2PZ         0.00000   0.00000   0.23147  -0.00000   0.00000
   6        3S          0.00000   0.00000   0.00000   0.00000  -0.00000
   7        3PX         0.08301   0.00000   0.00000  -0.00000   0.00000
   8        3PY         0.00000   0.08301   0.00000  -0.00000   0.00000
   9        3PZ         0.00000   0.00000   0.08301  -0.00000   0.00000
  10 2   F  1S          0.02335   0.02335   0.02335   0.00000  -0.00000
  11        2S         -0.01969  -0.01969  -0.01969  -0.00000   0.00000
  12        2PX         0.03538  -0.16307  -0.16307  -0.08812   0.19293
  13        2PY        -0.16307   0.03538  -0.16307   0.21114  -0.02015
  14        2PZ        -0.16307  -0.16307   0.03538  -0.12302  -0.17277
  15        3S         -0.11159  -0.11159  -0.11159  -0.00000   0.00000
  16        3PX         0.04150  -0.17738  -0.17738  -0.10657   0.23334
  17        3PY        -0.17738   0.04150  -0.17738   0.25536  -0.02437
  18        3PZ        -0.17738  -0.17738   0.04150  -0.14879  -0.20896
  19 3   F  1S         -0.02335  -0.02335   0.02335   0.00000  -0.00000
  20        2S          0.01969   0.01969  -0.01969  -0.00000   0.00000
  21        2PX         0.03538  -0.16307   0.16307   0.08812  -0.19293
  22        2PY        -0.16307   0.03538   0.16307  -0.21114   0.02015
  23        2PZ         0.16307   0.16307   0.03538  -0.12302  -0.17277
  24        3S          0.11159   0.11159  -0.11159  -0.00000   0.00000
  25        3PX         0.04150  -0.17738   0.17738   0.10657  -0.23334
  26        3PY        -0.17738   0.04150   0.17738  -0.25536   0.02437
  27        3PZ         0.17738   0.17738   0.04150  -0.14879  -0.20896
  28 4   F  1S          0.02335  -0.02335  -0.02335   0.00000  -0.00000
  29        2S         -0.01969   0.01969   0.01969  -0.00000   0.00000
  30        2PX         0.03538   0.16307   0.16307  -0.08812   0.19293
  31        2PY         0.16307   0.03538  -0.16307  -0.21114   0.02015
  32        2PZ         0.16307  -0.16307   0.03538   0.12302   0.17277
  33        3S         -0.11159   0.11159   0.11159  -0.00000   0.00000
  34        3PX         0.04150   0.17738   0.17738  -0.10657   0.23334
  35        3PY         0.17738   0.04150  -0.17738  -0.25536   0.02437
  36        3PZ         0.17738  -0.17738   0.04150   0.14879   0.20896
  37 5   F  1S         -0.02335   0.02335  -0.02335   0.00000  -0.00000
  38        2S          0.01969  -0.01969   0.01969  -0.00000   0.00000
  39        2PX         0.03538   0.16307  -0.16307   0.08812  -0.19293
  40        2PY         0.16307   0.03538   0.16307   0.21114  -0.02015
  41        2PZ        -0.16307   0.16307   0.03538   0.12302   0.17277
  42        3S          0.11159  -0.11159   0.11159  -0.00000   0.00000
  43        3PX         0.04150   0.17738  -0.17738   0.10657  -0.23334
  44        3PY         0.17738   0.04150   0.17738   0.25536  -0.02437
  45        3PZ        -0.17738   0.17738   0.04150   0.14879   0.20896
                          16        17        18        19        20
                        (T2)--O   (T2)--O   (T2)--O   (T1)--O   (T1)--O
     Eigenvalues --    -0.35812  -0.35812  -0.35812  -0.33770  -0.33770
   1 1   B  1S          0.00000   0.00000   0.00000   0.00000   0.00000
   2        2S          0.00000   0.00000   0.00000   0.00000   0.00000
   3        2PX         0.00000   0.00000  -0.10647  -0.00000   0.00000
   4        2PY        -0.10647   0.00000   0.00000   0.00000   0.00000
   5        2PZ         0.00000  -0.10647   0.00000   0.00000   0.00000
   6        3S          0.00000   0.00000   0.00000   0.00000   0.00000
   7        3PX         0.00000   0.00000   0.16828  -0.00000   0.00000
   8        3PY         0.16828   0.00000   0.00000   0.00000  -0.00000
   9        3PZ         0.00000   0.16828   0.00000   0.00000   0.00000
  10 2   F  1S         -0.00192  -0.00192  -0.00192  -0.00000   0.00000
  11        2S          0.00973   0.00973   0.00973  -0.00000  -0.00000
  12        2PX         0.02386   0.02386   0.26183  -0.00000   0.19384
  13        2PY         0.26183   0.02386   0.02386   0.19384  -0.00000
  14        2PZ         0.02386   0.26183   0.02386  -0.19384  -0.19384
  15        3S         -0.02460  -0.02460  -0.02460   0.00000  -0.00000
  16        3PX         0.03702   0.03702   0.29286  -0.00000   0.22083
  17        3PY         0.29286   0.03702   0.03702   0.22083  -0.00000
  18        3PZ         0.03702   0.29286   0.03702  -0.22083  -0.22083
  19 3   F  1S          0.00192  -0.00192   0.00192   0.00000  -0.00000
  20        2S         -0.00973   0.00973  -0.00973   0.00000   0.00000
  21        2PX         0.02386  -0.02386   0.26183  -0.00000   0.19384
  22        2PY         0.26183  -0.02386   0.02386   0.19384  -0.00000
  23        2PZ        -0.02386   0.26183  -0.02386   0.19384   0.19384
  24        3S          0.02460  -0.02460   0.02460  -0.00000   0.00000
  25        3PX         0.03702  -0.03702   0.29286  -0.00000   0.22083
  26        3PY         0.29286  -0.03702   0.03702   0.22083  -0.00000
  27        3PZ        -0.03702   0.29286  -0.03702   0.22083   0.22083
  28 4   F  1S          0.00192   0.00192  -0.00192  -0.00000  -0.00000
  29        2S         -0.00973  -0.00973   0.00973  -0.00000   0.00000
  30        2PX        -0.02386  -0.02386   0.26183  -0.00000  -0.19384
  31        2PY         0.26183   0.02386  -0.02386  -0.19384  -0.00000
  32        2PZ         0.02386   0.26183  -0.02386   0.19384  -0.19384
  33        3S          0.02460   0.02460  -0.02460   0.00000   0.00000
  34        3PX        -0.03702  -0.03702   0.29286  -0.00000  -0.22083
  35        3PY         0.29286   0.03702  -0.03702  -0.22083  -0.00000
  36        3PZ         0.03702   0.29286  -0.03702   0.22083  -0.22083
  37 5   F  1S         -0.00192   0.00192   0.00192   0.00000   0.00000
  38        2S          0.00973  -0.00973  -0.00973   0.00000  -0.00000
  39        2PX        -0.02386   0.02386   0.26183  -0.00000  -0.19384
  40        2PY         0.26183  -0.02386  -0.02386  -0.19384  -0.00000
  41        2PZ        -0.02386   0.26183   0.02386  -0.19384   0.19384
  42        3S         -0.02460   0.02460   0.02460  -0.00000  -0.00000
  43        3PX        -0.03702   0.03702   0.29286  -0.00000  -0.22083
  44        3PY         0.29286  -0.03702  -0.03702  -0.22083  -0.00000
  45        3PZ        -0.03702   0.29286   0.03702  -0.22083   0.22083
                          21        22        23        24        25
                        (T1)--O   (A1)--V   (T2)--V   (T2)--V   (T2)--V
     Eigenvalues --    -0.33770   0.67089   0.67856   0.67856   0.67856
   1 1   B  1S          0.00000  -0.18653   0.00000   0.00000   0.00000
   2        2S          0.00000  -0.22351   0.00000   0.00000   0.00000
   3        2PX         0.00000   0.00000   0.00000   0.00000   0.15787
   4        2PY         0.00000   0.00000   0.15787   0.00000   0.00000
   5        2PZ         0.00000   0.00000   0.00000   0.15787   0.00000
   6        3S          0.00000   1.85401   0.00000   0.00000   0.00000
   7        3PX         0.00000   0.00000   0.00000   0.00000   1.37784
   8        3PY         0.00000   0.00000   1.37784   0.00000   0.00000
   9        3PZ        -0.00000   0.00000   0.00000   1.37784   0.00000
  10 2   F  1S          0.00000   0.06802   0.04547   0.04547   0.04547
  11        2S         -0.00000  -0.04929  -0.01774  -0.01774  -0.01774
  12        2PX         0.19384   0.06541   0.07507   0.07507  -0.08499
  13        2PY        -0.19384   0.06541  -0.08499   0.07507   0.07507
  14        2PZ         0.00000   0.06541   0.07507  -0.08499   0.07507
  15        3S         -0.00000  -0.52866  -0.43009  -0.43009  -0.43009
  16        3PX         0.22083   0.14593   0.15936   0.15936  -0.11565
  17        3PY        -0.22083   0.14593  -0.11565   0.15936   0.15936
  18        3PZ         0.00000   0.14593   0.15936  -0.11565   0.15936
  19 3   F  1S          0.00000   0.06802  -0.04547   0.04547  -0.04547
  20        2S         -0.00000  -0.04929   0.01774  -0.01774   0.01774
  21        2PX        -0.19384  -0.06541   0.07507  -0.07507  -0.08499
  22        2PY         0.19384  -0.06541  -0.08499  -0.07507   0.07507
  23        2PZ         0.00000   0.06541  -0.07507  -0.08499  -0.07507
  24        3S         -0.00000  -0.52866   0.43009  -0.43009   0.43009
  25        3PX        -0.22083  -0.14593   0.15936  -0.15936  -0.11565
  26        3PY         0.22083  -0.14593  -0.11565  -0.15936   0.15936
  27        3PZ         0.00000   0.14593  -0.15936  -0.11565  -0.15936
  28 4   F  1S         -0.00000   0.06802  -0.04547  -0.04547   0.04547
  29        2S          0.00000  -0.04929   0.01774   0.01774  -0.01774
  30        2PX        -0.19384   0.06541  -0.07507  -0.07507  -0.08499
  31        2PY        -0.19384  -0.06541  -0.08499   0.07507  -0.07507
  32        2PZ         0.00000  -0.06541   0.07507  -0.08499  -0.07507
  33        3S          0.00000  -0.52866   0.43009   0.43009  -0.43009
  34        3PX        -0.22083   0.14593  -0.15936  -0.15936  -0.11565
  35        3PY        -0.22083  -0.14593  -0.11565   0.15936  -0.15936
  36        3PZ         0.00000  -0.14593   0.15936  -0.11565  -0.15936
  37 5   F  1S         -0.00000   0.06802   0.04547  -0.04547  -0.04547
  38        2S          0.00000  -0.04929  -0.01774   0.01774   0.01774
  39        2PX         0.19384  -0.06541  -0.07507   0.07507  -0.08499
  40        2PY         0.19384   0.06541  -0.08499  -0.07507  -0.07507
  41        2PZ         0.00000  -0.06541  -0.07507  -0.08499   0.07507
  42        3S          0.00000  -0.52866  -0.43009   0.43009   0.43009
  43        3PX         0.22083  -0.14593  -0.15936   0.15936  -0.11565
  44        3PY         0.22083   0.14593  -0.11565  -0.15936  -0.15936
  45        3PZ         0.00000  -0.14593  -0.15936  -0.11565   0.15936
                          26        27        28        29        30
                        (T2)--V   (T2)--V   (T2)--V   (A1)--V   (E)--V
     Eigenvalues --     0.98841   0.98841   0.98841   1.16214   2.37210
   1 1   B  1S          0.00000   0.00000   0.00000  -0.11319  -0.00000
   2        2S          0.00000   0.00000   0.00000   1.64644   0.00000
   3        2PX         0.00000   0.00000   1.28577   0.00000   0.00000
   4        2PY         0.00000   1.28577   0.00000   0.00000   0.00000
   5        2PZ         1.28577   0.00000   0.00000   0.00000   0.00000
   6        3S          0.00000   0.00000   0.00000  -1.19170  -0.00000
   7        3PX         0.00000   0.00000  -0.77092   0.00000   0.00000
   8        3PY         0.00000  -0.77092   0.00000   0.00000   0.00000
   9        3PZ        -0.77092   0.00000   0.00000   0.00000   0.00000
  10 2   F  1S          0.01384   0.01384   0.01384   0.00968   0.00000
  11        2S         -0.02453  -0.02453  -0.02453  -0.02943  -0.00000
  12        2PX         0.09002   0.09002   0.05936   0.10464  -0.00236
  13        2PY         0.09002   0.05936   0.09002   0.10464  -0.35787
  14        2PZ         0.05936   0.09002   0.09002   0.10464   0.36022
  15        3S          0.00619   0.00619   0.00619   0.10201   0.00000
  16        3PX         0.11418   0.11418   0.13233   0.07849   0.00215
  17        3PY         0.11418   0.13233   0.11418   0.07849   0.32648
  18        3PZ         0.13233   0.11418   0.11418   0.07849  -0.32863
  19 3   F  1S          0.01384  -0.01384  -0.01384   0.00968   0.00000
  20        2S         -0.02453   0.02453   0.02453  -0.02943  -0.00000
  21        2PX        -0.09002   0.09002   0.05936  -0.10464   0.00236
  22        2PY        -0.09002   0.05936   0.09002  -0.10464   0.35787
  23        2PZ         0.05936  -0.09002  -0.09002   0.10464   0.36022
  24        3S          0.00619  -0.00619  -0.00619   0.10201   0.00000
  25        3PX        -0.11418   0.11418   0.13233  -0.07849  -0.00215
  26        3PY        -0.11418   0.13233   0.11418  -0.07849  -0.32648
  27        3PZ         0.13233  -0.11418  -0.11418   0.07849  -0.32863
  28 4   F  1S         -0.01384  -0.01384   0.01384   0.00968   0.00000
  29        2S          0.02453   0.02453  -0.02453  -0.02943  -0.00000
  30        2PX        -0.09002  -0.09002   0.05936   0.10464  -0.00236
  31        2PY         0.09002   0.05936  -0.09002  -0.10464   0.35787
  32        2PZ         0.05936   0.09002  -0.09002  -0.10464  -0.36022
  33        3S         -0.00619  -0.00619   0.00619   0.10201   0.00000
  34        3PX        -0.11418  -0.11418   0.13233   0.07849   0.00215
  35        3PY         0.11418   0.13233  -0.11418  -0.07849  -0.32648
  36        3PZ         0.13233   0.11418  -0.11418  -0.07849   0.32863
  37 5   F  1S         -0.01384   0.01384  -0.01384   0.00968   0.00000
  38        2S          0.02453  -0.02453   0.02453  -0.02943  -0.00000
  39        2PX         0.09002  -0.09002   0.05936  -0.10464   0.00236
  40        2PY        -0.09002   0.05936  -0.09002   0.10464  -0.35787
  41        2PZ         0.05936  -0.09002   0.09002  -0.10464  -0.36022
  42        3S         -0.00619   0.00619  -0.00619   0.10201   0.00000
  43        3PX         0.11418  -0.11418   0.13233  -0.07849  -0.00215
  44        3PY        -0.11418   0.13233  -0.11418   0.07849   0.32648
  45        3PZ         0.13233  -0.11418   0.11418  -0.07849   0.32863
                          31        32        33        34        35
                        (E)--V    (T1)--V   (T1)--V   (T1)--V   (T2)--V
     Eigenvalues --     2.37210   2.59774   2.59774   2.59774   2.61919
   1 1   B  1S          0.00000   0.00000   0.00000   0.00000   0.00000
   2        2S          0.00000   0.00000   0.00000   0.00000   0.00000
   3        2PX         0.00000   0.00000  -0.00000   0.00000   0.00000
   4        2PY         0.00000   0.00000   0.00000  -0.00000   0.00000
   5        2PZ         0.00000  -0.00000   0.00000   0.00000   0.37438
   6        3S         -0.00000   0.00000   0.00000   0.00000   0.00000
   7        3PX         0.00000   0.00000  -0.00000   0.00000   0.00000
   8        3PY         0.00000   0.00000   0.00000  -0.00000   0.00000
   9        3PZ         0.00000  -0.00000   0.00000   0.00000   0.28427
  10 2   F  1S          0.00000  -0.00000  -0.00000  -0.00000   0.02817
  11        2S         -0.00000   0.00000   0.00000   0.00000  -0.13724
  12        2PX         0.41459   0.35965  -0.00000   0.35965  -0.34041
  13        2PY        -0.20934  -0.35965   0.35965  -0.00000  -0.34041
  14        2PZ        -0.20525  -0.00000  -0.35965  -0.35965   0.10548
  15        3S         -0.00000   0.00000   0.00000   0.00000  -0.02862
  16        3PX        -0.37822  -0.35895   0.00000  -0.35895   0.40403
  17        3PY         0.19097   0.35895  -0.35895   0.00000   0.40403
  18        3PZ         0.18725   0.00000   0.35895   0.35895  -0.10239
  19 3   F  1S          0.00000  -0.00000   0.00000   0.00000   0.02817
  20        2S         -0.00000   0.00000  -0.00000  -0.00000  -0.13724
  21        2PX        -0.41459  -0.35965  -0.00000   0.35965   0.34041
  22        2PY         0.20934   0.35965   0.35965  -0.00000   0.34041
  23        2PZ        -0.20525  -0.00000   0.35965   0.35965   0.10548
  24        3S         -0.00000   0.00000  -0.00000  -0.00000  -0.02862
  25        3PX         0.37822   0.35895   0.00000  -0.35895  -0.40403
  26        3PY        -0.19097  -0.35895  -0.35895   0.00000  -0.40403
  27        3PZ         0.18725   0.00000  -0.35895  -0.35895  -0.10239
  28 4   F  1S          0.00000   0.00000  -0.00000   0.00000  -0.02817
  29        2S         -0.00000  -0.00000   0.00000  -0.00000   0.13724
  30        2PX         0.41459  -0.35965  -0.00000  -0.35965   0.34041
  31        2PY         0.20934  -0.35965  -0.35965  -0.00000  -0.34041
  32        2PZ         0.20525  -0.00000   0.35965  -0.35965   0.10548
  33        3S         -0.00000  -0.00000   0.00000  -0.00000   0.02862
  34        3PX        -0.37822   0.35895   0.00000   0.35895  -0.40403
  35        3PY        -0.19097   0.35895   0.35895   0.00000   0.40403
  36        3PZ        -0.18725   0.00000  -0.35895   0.35895  -0.10239
  37 5   F  1S          0.00000   0.00000   0.00000  -0.00000  -0.02817
  38        2S         -0.00000  -0.00000  -0.00000   0.00000   0.13724
  39        2PX        -0.41459   0.35965  -0.00000  -0.35965  -0.34041
  40        2PY        -0.20934   0.35965  -0.35965  -0.00000   0.34041
  41        2PZ         0.20525  -0.00000  -0.35965   0.35965   0.10548
  42        3S         -0.00000  -0.00000  -0.00000   0.00000   0.02862
  43        3PX         0.37822  -0.35895   0.00000   0.35895   0.40403
  44        3PY         0.19097  -0.35895   0.35895   0.00000  -0.40403
  45        3PZ        -0.18725   0.00000   0.35895  -0.35895  -0.10239
                          36        37        38        39        40
                        (T2)--V   (T2)--V   (A1)--V   (T2)--V   (T2)--V
     Eigenvalues --     2.61919   2.61919   2.66181   2.80294   2.80294
   1 1   B  1S          0.00000   0.00000   0.01097   0.00000   0.00000
   2        2S          0.00000   0.00000   0.81599   0.00000   0.00000
   3        2PX         0.37438   0.00000   0.00000   0.00000   0.00000
   4        2PY         0.00000   0.37438   0.00000   0.00000   0.29064
   5        2PZ         0.00000   0.00000   0.00000   0.29064   0.00000
   6        3S          0.00000   0.00000   0.00184   0.00000   0.00000
   7        3PX         0.28427   0.00000   0.00000   0.00000   0.00000
   8        3PY         0.00000   0.28427   0.00000   0.00000  -0.47443
   9        3PZ         0.00000   0.00000   0.00000  -0.47443   0.00000
  10 2   F  1S          0.02817   0.02817   0.02817  -0.00462  -0.00462
  11        2S         -0.13724  -0.13724  -0.12478   0.01756   0.01756
  12        2PX         0.10548  -0.34041  -0.28204  -0.08070  -0.08070
  13        2PY        -0.34041   0.10548  -0.28204  -0.08070  -0.50158
  14        2PZ        -0.34041  -0.34041  -0.28204  -0.50158  -0.08070
  15        3S         -0.02862  -0.02862  -0.00953   0.05623   0.05623
  16        3PX        -0.10239   0.40403   0.36090   0.08654   0.08654
  17        3PY         0.40403  -0.10239   0.36090   0.08654   0.57745
  18        3PZ         0.40403   0.40403   0.36090   0.57745   0.08654
  19 3   F  1S         -0.02817  -0.02817   0.02817  -0.00462   0.00462
  20        2S          0.13724   0.13724  -0.12478   0.01756  -0.01756
  21        2PX         0.10548  -0.34041   0.28204   0.08070  -0.08070
  22        2PY        -0.34041   0.10548   0.28204   0.08070  -0.50158
  23        2PZ         0.34041   0.34041  -0.28204  -0.50158   0.08070
  24        3S          0.02862   0.02862  -0.00953   0.05623  -0.05623
  25        3PX        -0.10239   0.40403  -0.36090  -0.08654   0.08654
  26        3PY         0.40403  -0.10239  -0.36090  -0.08654   0.57745
  27        3PZ        -0.40403  -0.40403   0.36090   0.57745  -0.08654
  28 4   F  1S          0.02817  -0.02817   0.02817   0.00462   0.00462
  29        2S         -0.13724   0.13724  -0.12478  -0.01756  -0.01756
  30        2PX         0.10548   0.34041  -0.28204   0.08070   0.08070
  31        2PY         0.34041   0.10548   0.28204  -0.08070  -0.50158
  32        2PZ         0.34041  -0.34041   0.28204  -0.50158  -0.08070
  33        3S         -0.02862   0.02862  -0.00953  -0.05623  -0.05623
  34        3PX        -0.10239  -0.40403   0.36090  -0.08654  -0.08654
  35        3PY        -0.40403  -0.10239  -0.36090   0.08654   0.57745
  36        3PZ        -0.40403   0.40403  -0.36090   0.57745   0.08654
  37 5   F  1S         -0.02817   0.02817   0.02817   0.00462  -0.00462
  38        2S          0.13724  -0.13724  -0.12478  -0.01756   0.01756
  39        2PX         0.10548   0.34041   0.28204  -0.08070   0.08070
  40        2PY         0.34041   0.10548  -0.28204   0.08070  -0.50158
  41        2PZ        -0.34041   0.34041   0.28204  -0.50158   0.08070
  42        3S          0.02862  -0.02862  -0.00953  -0.05623   0.05623
  43        3PX        -0.10239  -0.40403  -0.36090   0.08654  -0.08654
  44        3PY        -0.40403  -0.10239   0.36090  -0.08654   0.57745
  45        3PZ         0.40403  -0.40403  -0.36090   0.57745  -0.08654
                          41        42        43        44        45
                        (T2)--V   (T2)--V   (T2)--V   (T2)--V   (A1)--V
     Eigenvalues --     2.80294   4.18731   4.18731   4.18731   4.78229
   1 1   B  1S          0.00000   0.00000   0.00000   0.00000  -0.08306
   2        2S          0.00000   0.00000   0.00000   0.00000   0.33209
   3        2PX         0.29064   0.00000  -0.31807   0.00000   0.00000
   4        2PY         0.00000  -0.31807   0.00000   0.00000   0.00000
   5        2PZ         0.00000   0.00000   0.00000  -0.31807   0.00000
   6        3S          0.00000   0.00000   0.00000   0.00000   1.19930
   7        3PX        -0.47443   0.00000  -0.61788   0.00000   0.00000
   8        3PY         0.00000  -0.61788   0.00000   0.00000   0.00000
   9        3PZ         0.00000   0.00000   0.00000  -0.61788   0.00000
  10 2   F  1S         -0.00462   0.05195   0.05195   0.05195  -0.03737
  11        2S          0.01756  -0.77893  -0.77893  -0.77893   0.84043
  12        2PX        -0.50158   0.09009  -0.04240   0.09009  -0.07632
  13        2PY        -0.08070  -0.04240   0.09009   0.09009  -0.07632
  14        2PZ        -0.08070   0.09009   0.09009  -0.04240  -0.07632
  15        3S          0.05623   0.89253   0.89253   0.89253  -1.11546
  16        3PX         0.57745  -0.20143   0.07408  -0.20143   0.21710
  17        3PY         0.08654   0.07408  -0.20143  -0.20143   0.21710
  18        3PZ         0.08654  -0.20143  -0.20143   0.07408   0.21710
  19 3   F  1S          0.00462  -0.05195  -0.05195   0.05195  -0.03737
  20        2S         -0.01756   0.77893   0.77893  -0.77893   0.84043
